0.0	62	1.25
1.25	69	1.25
2.5	65	1.25
3.75	62	1.25
5.0	61	1.25
6.25	62	0.625
6.875	64	0.625
7.5	65	1.5625
9.0625	67	0.3125
9.375	65	0.3125
9.6875	64	0.3125
10.0	62	0.625
10.0	69	1.25
10.625	64	0.625
11.25	65	0.625
11.25	74	1.25
11.875	67	0.625
12.5	72	1.25
12.5	69	0.625
13.125	57	0.3125
13.4375	59	0.3125
13.75	69	1.25
13.75	60	0.3125
14.0625	57	0.3125
14.375	65	0.9375
15.0	68	1.25
15.3125	59	0.3125
15.625	64	0.9375
16.25	69	0.625
16.5625	65	0.3125
16.875	71	0.625
16.875	64	0.3125
17.1875	62	0.3125
17.5	72	1.5625
17.5	64	0.625
18.125	66	0.625
18.75	67	1.875
19.0625	74	0.3125
19.375	72	0.3125
19.6875	70	0.3125
20.0	69	0.3125
20.0	50	1.25
20.3125	62	0.3125
20.625	74	1.25
20.625	65	0.625
21.25	64	1.25
21.25	57	1.25
21.875	73	0.625
22.5	53	1.25
22.5	62	0.9375
22.5	74	0.3125
22.8125	69	0.3125
23.125	72	0.9375
23.4375	64	0.3125
23.75	50	1.25
23.75	65	0.9375
24.0625	69	0.3125
24.375	70	0.9375
24.6875	62	0.3125
25.0	49	1.25
25.0	67	0.9375
25.3125	64	0.3125
25.625	69	2.1875
25.9375	67	0.3125
26.25	50	0.625
26.25	65	0.3125
26.5625	64	0.3125
26.875	52	0.625
26.875	62	0.3125
27.1875	61	0.3125
27.5	53	0.625
27.5	62	0.625
27.8125	72	0.625
28.125	67	1.25
28.4375	71	0.3125
28.75	72	1.5625
29.0625	55	0.3125
29.375	60	0.625
29.375	53	0.3125
29.6875	52	0.3125
30.0	57	1.25
30.0	50	1.25
30.0	65	0.9375
30.3125	62	0.3125
30.625	72	0.9375
30.9375	64	0.3125
31.25	62	1.25
31.25	65	0.9375
31.5625	69	0.3125
31.875	71	1.25
32.1875	56	0.3125
32.5	60	1.25
32.5	64	1.875
33.125	69	0.3125
33.125	45	0.3125
33.4375	68	0.3125
33.4375	47	0.3125
33.75	57	1.25
33.75	69	1.25
33.75	48	0.3125
34.0625	45	0.3125
34.375	74	0.9375
34.375	62	0.3125
34.6875	60	0.3125
35.0	71	1.25
35.0	56	1.25
35.0	62	0.3125
35.3125	65	0.3125
35.3125	47	0.3125
35.625	52	0.9375
35.625	64	0.3125
35.9375	62	0.3125
36.25	72	0.625
36.25	60	0.625
36.25	57	0.625
36.5625	53	0.3125
36.875	74	0.625
36.875	59	0.625
36.875	52	0.3125
37.1875	50	0.3125
37.5	60	1.5625
37.5	67	0.3125
37.5	52	0.3125
37.8125	70	0.3125
37.8125	55	0.3125
38.125	69	0.9375
38.125	54	0.3125
38.4375	57	0.3125
38.75	55	1.25
39.0625	70	0.3125
39.0625	62	0.3125
39.375	69	0.3125
39.375	60	0.3125
39.6875	67	0.625
39.6875	58	0.3125
40.0	50	1.875
40.0	57	1.5625
40.3125	64	0.3125
40.625	65	0.3125
40.9375	62	0.3125
41.25	70	1.5625
41.5625	53	0.3125
41.875	55	0.625
41.875	52	0.3125
42.1875	50	0.3125
42.5	60	1.5625
42.5	52	0.625
42.8125	67	0.3125
43.125	69	0.625
43.125	53	0.3125
43.4375	52	0.3125
43.75	74	1.5625
43.75	54	0.625
44.0625	57	0.3125
44.375	59	0.625
44.375	55	0.3125
44.6875	53	0.3125
45.0	64	1.5625
45.0	56	0.625
45.3125	71	0.3125
45.625	72	0.625
45.625	57	0.3125
45.9375	56	0.3125
46.25	77	1.5625
46.25	57	0.625
46.5625	61	0.3125
46.875	62	0.625
46.875	59	0.3125
47.1875	57	0.3125
47.5	67	1.5625
47.5	59	0.625
47.8125	74	0.3125
48.125	76	0.625
48.125	60	0.3125
48.4375	59	0.3125
48.75	61	0.625
48.75	69	0.625
49.0625	64	0.3125
49.375	74	0.9375
49.375	65	0.625
49.375	62	0.3125
49.6875	56	0.3125
50.0	57	1.5625
50.0	64	0.9375
50.3125	71	0.3125
50.625	72	0.625
50.9375	69	0.3125
51.25	62	0.9375
51.25	65	0.625
51.5625	53	0.3125
51.875	55	0.9375
51.875	70	0.625
52.1875	64	0.3125
52.5	69	1.25
52.5	61	0.625
52.8125	52	0.3125
53.125	53	0.9375
53.125	62	0.3125
53.4375	57	0.3125
53.75	59	0.9375
53.75	62	0.625
54.0625	50	0.3125
54.375	67	0.9375
54.375	52	0.625
54.6875	61	0.3125
55.0	50	1.5625
55.0	62	0.625
55.3125	64	0.3125
55.625	57	3.125
55.625	65	0.3125
55.9375	74	0.3125
56.25	64	1.5625
56.25	69	1.25
56.5625	47	0.3125
56.875	49	0.625
57.5	65	1.25
57.5	50	0.9375
57.8125	62	0.3125
58.125	69	1.25
58.4375	48	0.3125
58.75	62	1.25
58.75	58	1.25
58.75	46	1.25
59.375	67	0.625
60.0	69	1.25
60.0	61	1.25
60.0	45	0.9375
60.3125	52	0.3125
60.625	57	0.9375
60.9375	43	0.3125
61.25	62	0.625
61.25	41	0.3125
61.5625	58	0.3125
61.5625	43	0.3125
61.875	64	0.625
61.875	57	0.3125
61.875	41	0.3125
62.1875	55	0.3125
62.1875	40	0.3125
62.5	65	1.5625
62.5	57	0.625
62.5	38	0.3125
62.8125	41	0.3125
63.125	59	0.625
63.125	40	0.3125
63.4375	38	0.3125
63.75	60	1.5625
63.75	45	0.9375
64.0625	67	0.3125
64.375	65	0.3125
64.6875	64	0.3125
64.6875	41	0.3125
65.0	46	0.9375
65.0	62	0.625
65.3125	57	0.3125
65.625	67	0.9375
65.625	58	0.625
65.9375	43	0.3125
66.25	50	0.9375
66.25	57	0.625
66.5625	64	0.3125
66.875	62	0.9375
66.875	65	0.625
67.1875	53	0.3125
67.5	57	0.9375
67.5	64	0.625
67.8125	59	0.3125
68.125	69	0.9375
68.125	60	0.625
68.4375	45	0.3125
68.75	59	0.625
68.75	40	0.625
69.0625	66	0.3125
69.375	64	0.9375
69.375	67	0.625
70.0	69	1.25
70.0	66	0.9375
70.3125	57	0.3125
70.625	62	0.9375
70.9375	74	0.3125
71.25	76	1.25
71.25	68	1.25
71.25	52	1.25
71.5625	62	0.3125
71.875	60	0.3125
72.1875	59	0.3125
72.5	72	1.25
72.5	57	1.25
72.5	69	0.625
72.5	60	0.3125
72.8125	62	0.3125
73.125	64	0.9375
73.75	53	1.5625
73.75	69	1.25
73.75	60	0.625
74.0625	64	0.3125
74.375	57	0.625
74.375	62	0.3125
74.6875	60	0.3125
75.0	68	1.25
75.0	59	1.25
75.0	62	0.625
75.3125	53	0.3125
75.625	65	0.625
75.625	52	0.3125
75.9375	50	0.3125
76.25	69	0.625
76.25	64	0.625
76.25	60	0.625
76.25	48	0.3125
76.5625	50	0.3125
76.875	71	0.625
76.875	62	0.625
76.875	56	0.625
76.875	48	0.3125
77.1875	47	0.3125
77.5	72	1.5625
77.5	45	1.25
77.5	60	0.625
77.5	57	0.3125
77.8125	55	0.3125
78.125	69	1.25
78.125	54	0.3125
78.4375	52	0.3125
78.75	50	1.25
78.75	54	0.625
79.0625	74	0.3125
79.375	55	0.9375
79.375	62	0.625
79.375	72	0.3125
79.6875	70	0.3125
80.0	49	1.25
80.0	69	0.625
80.0	64	0.625
80.3125	55	0.3125
80.625	69	0.9375
80.625	53	0.3125
80.9375	52	0.3125
81.25	45	1.25
81.25	53	0.3125
81.5625	67	0.3125
81.5625	52	0.3125
81.875	69	0.9375
81.875	65	0.3125
81.875	50	0.3125
82.1875	64	0.3125
82.1875	49	0.3125
82.5	62	2.8125
82.5	42	1.25
82.5	50	0.625
82.8125	72	0.3125
83.125	70	0.3125
83.4375	69	0.3125
83.75	43	0.625
83.75	70	0.3125
84.0625	69	0.3125
84.375	45	0.625
84.375	67	0.3125
84.6875	66	0.3125
85.0	46	1.5625
85.0	67	0.625
85.3125	62	0.3125
85.9375	70	0.3125
86.25	64	0.9375
86.5625	67	0.3125
86.5625	48	0.3125
86.875	60	0.9375
86.875	46	0.3125
87.1875	66	0.3125
87.1875	45	0.3125
87.5	43	1.5625
87.5	67	0.9375
87.8125	57	0.3125
88.125	58	0.625
88.4375	64	0.3125
88.75	57	1.5625
88.75	61	0.9375
89.0625	40	0.3125
89.375	41	0.625
89.6875	69	0.3125
90.0	46	1.5625
90.0	62	0.9375
90.3125	53	0.3125
90.625	55	0.625
90.9375	65	0.3125
91.25	60	1.5625
91.25	64	0.9375
91.5625	43	0.3125
91.875	45	0.625
92.1875	72	0.3125
92.5	50	1.5625
92.5	65	0.9375
92.8125	57	0.3125
93.125	59	0.625
93.4375	69	0.3125
93.75	64	1.5625
93.75	67	0.9375
94.0625	47	0.3125
94.375	48	0.625
94.6875	76	0.3125
95.0	53	1.5625
95.0	69	0.9375
95.3125	61	0.3125
95.625	62	0.625
95.9375	72	0.3125
96.25	67	1.5625
96.25	71	0.9375
96.5625	50	0.3125
96.875	52	0.625
97.1875	79	0.3125
97.5	73	1.25
97.5	52	1.25
97.5	45	0.9375
97.8125	69	0.3125
98.125	70	0.625
98.4375	55	0.3125
98.75	69	2.8125
98.75	57	1.25
98.75	74	0.625
98.75	53	0.3125
99.0625	52	0.3125
99.375	76	0.9375
99.375	50	0.3125
99.6875	49	0.3125
100.0	53	1.25
100.0	50	0.9375
100.3125	73	0.3125
100.625	74	1.5625
100.9375	41	0.3125
101.25	50	1.25
101.25	46	1.25
101.5625	65	0.3125
101.875	67	0.625
102.1875	76	0.3125
102.5	45	3.4375
102.5	49	1.25
102.5	69	0.9375
102.5	77	0.3125
102.8125	76	0.3125
103.125	79	0.9375
103.4375	70	0.3125
103.75	69	0.625
103.75	50	0.625
104.0625	77	0.3125
104.375	67	1.25
104.375	52	0.625
104.375	76	0.3125
104.6875	74	0.3125
105.0	53	1.5625
105.0	73	0.3125
105.3125	69	0.3125
105.625	74	0.9375
105.625	65	0.3125
105.9375	62	0.3125
105.9375	46	0.3125
106.25	69	0.9375
106.25	45	0.3125
106.5625	71	0.3125
106.5625	55	0.3125
106.5625	43	0.3125
106.875	72	1.25
106.875	45	0.625
106.875	53	0.3125
107.1875	67	0.3125
107.1875	52	0.3125
107.5	50	0.9375
107.5	46	0.9375
107.5	66	0.3125
107.8125	62	0.3125
108.125	67	0.9375
108.125	70	0.625
108.4375	43	0.3125
108.75	50	0.625
108.75	69	0.625
109.0625	64	0.3125
109.375	65	0.9375
109.375	57	0.3125
109.6875	53	0.3125
110.0	58	0.9375
110.3125	62	0.3125
110.625	52	1.25
110.625	67	0.9375
110.9375	55	0.3125
111.25	60	0.9375
111.5625	64	0.3125
111.875	53	1.5625
111.875	69	0.9375
112.1875	57	0.3125
112.5	62	0.625
112.8125	65	0.3125
113.125	70	0.9375
113.125	55	0.625
113.4375	50	0.3125
113.75	52	0.9375
113.75	60	0.625
114.0625	67	0.3125
114.375	69	0.9375
114.375	53	0.625
114.6875	49	0.3125
115.0	50	0.9375
115.0	58	0.625
115.3125	65	0.3125
115.625	67	1.25
115.625	52	0.625
115.9375	47	0.3125
116.25	57	1.25
116.25	49	0.3125
116.5625	45	0.3125
116.875	50	0.9375
116.875	65	0.3125
117.1875	62	0.3125
117.5	69	1.25
117.5	52	0.625
117.8125	48	0.3125
118.125	57	0.9375
118.125	47	0.3125
118.4375	45	0.3125
118.75	74	1.5625
118.75	47	1.25
119.0625	56	0.3125
119.375	54	0.3125
119.6875	56	0.3125
120.0	76	1.25
120.0	57	0.9375
120.0	45	0.9375
120.3125	73	0.3125
120.625	71	0.3125
120.9375	73	0.3125
120.9375	55	0.3125
121.25	81	1.25
121.25	74	0.3125
121.25	53	0.3125
121.5625	69	0.3125
121.5625	52	0.3125
121.875	76	0.9375
121.875	50	0.3125
122.1875	49	0.3125
122.5	77	1.25
122.5	50	0.625
122.8125	69	0.3125
123.125	74	0.625
123.125	53	0.3125
123.4375	50	0.3125
123.75	74	1.25
123.75	58	0.625
124.0625	65	0.3125
124.375	70	0.9375
124.375	55	0.3125
124.6875	52	0.3125
125.0	73	1.25
125.0	57	0.9375
125.3125	64	0.3125
125.625	69	0.9375
125.9375	65	0.3125
126.25	74	0.625
126.25	59	0.625
126.5625	67	0.3125
126.875	76	0.625
126.875	61	0.625
126.875	65	0.3125
127.1875	64	0.3125
127.5	77	1.5625
127.5	62	0.3125
127.8125	69	0.3125
128.125	74	0.3125
128.125	59	0.3125
128.4375	71	0.3125
128.4375	55	0.3125
128.75	60	0.625
128.75	67	0.3125
129.0625	79	0.3125
129.0625	64	0.3125
129.375	72	1.25
129.375	77	0.3125
129.375	57	0.3125
129.6875	76	0.3125
129.6875	53	0.3125
130.0	74	0.9375
130.0	58	0.3125
130.3125	62	0.3125
130.625	67	0.9375
130.625	70	0.625
130.9375	76	0.3125
131.25	69	1.25
131.25	73	0.625
131.5625	64	0.3125
131.875	65	0.9375
131.875	74	0.3125
132.1875	77	0.3125
132.5	70	1.5625
132.5	67	0.9375
132.8125	65	0.3125
133.125	64	0.3125
133.4375	65	0.3125
133.4375	62	0.3125
133.75	64	1.875
133.75	61	1.25
134.0625	70	0.3125
134.375	69	0.3125
134.6875	67	0.3125
135.0	65	1.25
135.0	62	0.3125
135.3125	60	0.3125
135.625	62	0.3125
135.625	58	0.3125
135.9375	61	0.3125
135.9375	57	0.3125
136.25	70	1.25
136.25	62	0.625
136.25	55	0.3125
136.5625	57	0.3125
136.875	67	1.5625
136.875	58	0.3125
137.1875	60	0.3125
137.5	69	1.875
137.5	50	1.25
137.5	62	0.3125
137.8125	57	0.3125
138.125	62	0.9375
138.4375	65	0.3125
138.75	57	1.25
138.75	64	0.9375
139.0625	59	0.3125
139.375	76	0.9375
139.375	61	0.9375
139.6875	64	0.3125
140.0	69	1.875
140.0	53	1.25
140.3125	73	0.3125
140.3125	64	0.3125
140.625	74	0.3125
140.625	57	0.3125
140.9375	76	0.3125
140.9375	61	0.3125
141.25	50	1.25
141.25	62	0.625
141.25	77	0.3125
141.5625	74	0.3125
141.875	79	0.9375
141.875	67	0.3125
141.875	58	0.3125
142.1875	70	0.3125
142.1875	55	0.3125
142.5	69	1.5625
142.5	52	1.25
142.5	49	1.25
142.8125	76	0.3125
143.125	81	0.3125
143.4375	79	0.3125
143.75	53	0.625
143.75	50	0.625
143.75	77	0.3125
144.0625	76	0.3125
144.0625	67	0.3125
144.375	55	0.625
144.375	52	0.625
144.375	74	0.3125
144.375	65	0.3125
144.6875	73	0.3125
144.6875	64	0.3125
145.0	62	1.875
145.0	53	1.5625
145.0	57	1.25
145.0	74	0.3125
145.3125	72	0.3125
145.625	70	0.3125
145.9375	69	0.3125
146.25	67	1.5625
146.25	59	0.625
146.5625	55	0.3125
146.875	64	0.625
146.875	61	0.625
146.875	53	0.3125
147.1875	52	0.3125
147.5	50	1.5625
147.5	62	0.625
147.5	57	0.625
147.8125	64	0.3125
148.125	65	0.3125
148.4375	62	0.3125
148.75	69	1.5625
149.0625	51	0.3125
149.375	63	0.625
149.375	54	0.625
149.375	50	0.3125
149.6875	48	0.3125
150.0	46	1.5625
150.0	62	1.25
150.0	55	0.3125
150.3125	66	0.3125
150.3125	57	0.3125
150.625	58	0.625
150.625	67	0.3125
150.9375	70	0.3125
151.25	72	1.5625
151.5625	48	0.3125
151.875	66	0.625
151.875	60	0.625
151.875	46	0.3125
152.1875	45	0.3125
152.5	43	1.875
152.5	62	1.25
152.5	67	0.3125
152.8125	69	0.3125
152.8125	66	0.3125
153.125	67	0.625
153.125	70	0.3125
153.4375	74	0.3125
153.75	75	0.625
154.0625	55	0.625
154.375	70	0.9375
154.375	74	0.625
154.375	43	0.625
154.6875	53	0.3125
155.0	45	6.875
155.0	73	0.625
155.0	52	0.625
155.3125	69	0.3125
155.625	81	0.9375
155.625	77	0.3125
155.9375	74	0.3125
156.25	71	0.625
156.5625	74	0.3125
156.875	79	0.9375
156.875	76	0.3125
157.1875	73	0.3125
157.5	69	0.625
157.8125	73	0.3125
158.125	77	0.9375
158.125	74	0.3125
158.125	53	0.3125
158.4375	69	0.3125
158.4375	50	0.3125
158.75	70	0.9375
158.75	55	0.9375
159.0625	74	0.3125
159.375	76	0.9375
159.6875	67	0.3125
159.6875	49	0.3125
160.0	69	0.9375
160.0	53	0.9375
160.3125	73	0.3125
160.625	74	0.9375
160.9375	65	0.3125
160.9375	50	0.3125
161.25	57	1.25
161.25	64	0.9375
161.5625	71	0.3125
161.875	72	1.25
161.875	45	0.625
162.1875	67	0.3125
162.5	46	0.9375
162.5	50	0.625
162.5	66	0.3125
162.8125	62	0.3125
163.125	62	1.25
163.125	67	0.9375
163.125	70	0.625
163.4375	43	0.3125
163.75	50	1.5625
163.75	69	0.9375
164.0625	64	0.3125
164.375	65	0.9375
164.375	57	0.3125
164.6875	69	0.3125
164.6875	53	0.3125
165.0	58	1.5625
165.0	74	0.3125
165.3125	77	0.3125
165.3125	74	0.3125
165.3125	46	0.3125
165.625	72	1.5625
165.625	48	0.625
165.625	76	0.3125
165.9375	79	0.3125
166.25	53	1.5625
166.25	77	0.3125
166.5625	76	0.3125
166.5625	56	0.3125
166.875	74	0.9375
166.875	57	0.625
167.1875	72	0.3125
167.5	62	1.5625
167.5	70	0.3125
167.8125	77	0.625
167.8125	69	0.3125
167.8125	50	0.3125
168.125	68	0.625
168.125	52	0.625
168.4375	76	0.3125
168.75	57	1.5625
168.75	69	0.9375
168.75	77	0.3125
169.0625	74	0.3125
169.0625	59	0.3125
169.375	76	0.9375
169.375	60	0.625
169.6875	64	0.3125
170.0	65	1.5625
170.0	69	0.625
170.3125	74	0.3125
170.3125	53	0.3125
170.625	67	1.5625
170.625	55	0.625
170.625	72	0.3125
170.9375	71	0.3125
171.25	60	1.5625
171.25	72	0.9375
171.5625	62	0.3125
171.875	63	0.625
172.1875	81	0.3125
172.1875	72	0.3125
172.5	62	1.25
172.5	69	0.625
172.5	79	0.3125
172.8125	78	0.3125
172.8125	57	0.3125
173.125	67	1.875
173.125	58	1.875
173.125	79	0.3125
173.4375	82	0.3125
173.75	73	1.25
173.75	64	1.25
176.875	74	1.25
176.875	69	1.25
176.875	65	1.25
176.875	57	1.25
180.0	74	2.8125
180.0	65	1.875
180.0	71	1.25
180.0	56	1.25
181.25	69	2.1875
181.25	57	1.875
181.875	64	0.3125
182.1875	62	0.3125
182.5	64	0.625
182.8125	71	0.3125
183.125	73	0.625
183.125	45	0.625
183.4375	67	0.3125
183.75	50	15.0
183.75	57	1.25
183.75	74	0.9375
183.75	66	0.3125
184.0625	67	0.3125
184.375	69	0.9375
184.6875	72	0.3125
185.0	62	1.25
185.0	70	0.9375
185.3125	67	0.3125
185.625	72	0.9375
185.9375	69	0.3125
186.25	62	1.25
186.25	58	1.25
186.5625	66	0.3125
186.875	67	0.3125
187.1875	70	0.3125
187.5	63	1.25
187.5	55	1.25
187.8125	67	0.3125
188.125	69	0.3125
188.4375	72	0.625
188.75	54	1.25
188.75	62	0.625
189.0625	70	0.3125
189.375	57	0.625
189.375	72	0.3125
189.6875	75	0.625
190.0	58	0.625
190.0	55	0.625
190.3125	74	0.3125
190.625	60	0.625
190.625	57	0.625
190.625	78	0.3125
190.9375	81	0.625
191.25	58	1.5625
191.25	62	0.625
191.5625	79	0.15625
191.71875	81	0.15625
191.875	55	0.9375
191.875	82	0.3125
192.1875	73	0.3125
192.5	74	6.25
192.8125	70	0.3125
192.8125	62	0.3125
193.125	69	0.3125
193.125	60	0.3125
193.4375	67	0.625
193.4375	58	0.3125
193.75	57	5.0
194.0625	66	0.4062499999999716
194.46874999999997	64	0.46875
194.93749999999997	67	0.5312500000000284
195.46875	66	3.28125
