0.0	79	0.220588235
0.0	65	1.764705882
0.0	53	1.764705882
0.0	60	1.764705882
0.220588235	80	0.22058823600000002
0.441176471	72	0.22058823500000002
0.661764706	79	0.44117647000000004
1.102941176	80	0.6617647059999998
1.764705882	79	0.22058823600000022
1.764705882	61	1.764705883
1.764705882	49	1.764705883
1.764705882	56	1.764705883
1.985294118	80	0.2205882349999997
2.205882353	72	0.22058823500000013
2.426470588	80	0.4411764709999999
2.867647059	79	0.44117647000000026
3.308823529	70	0.22058823599999977
3.529411765	77	0.22058823500000013
3.529411765	63	1.7647058820000003
3.529411765	58	1.7647058820000003
3.529411765	51	1.7647058820000003
3.75	79	0.22058823500000013
3.970588235	70	0.22058823600000022
4.191176471	77	0.4411764699999994
4.632352941	79	0.44117647100000035
5.073529412	70	0.22058823500000013
5.294117647	75	0.8823529409999997
5.294117647	58	1.7647058819999994
5.294117647	53	1.7647058819999994
5.294117647	46	1.7647058819999994
6.176470588	73	0.8823529409999997
7.058823529	79	0.22058823600000022
7.058823529	65	1.7647058829999995
7.058823529	60	1.7647058829999995
7.058823529	53	1.7647058829999995
7.279411765	80	0.22058823500000013
7.5	72	0.22058823500000013
7.720588235	79	0.44117647099999946
8.161764706	80	0.6617647059999996
8.823529412	80	0.22058823500000102
8.823529412	49	1.764705878000001
8.823529412	56	1.764705878000001
8.823529412	61	1.764705878000001
9.044117647	79	0.22058823499999924
9.264705882	72	0.2205882360000011
9.485294118	80	0.44117647000000026
9.926470588	79	0.44117647199999865
10.36764706	70	0.2205882300000006
10.58823529	77	0.22058823999999966
10.58823529	63	1.76470589
10.58823529	58	1.76470589
10.58823529	51	1.76470589
10.80882353	79	0.2205882300000006
11.02941176	70	0.22058823999999966
11.25	77	0.44117647000000026
11.69117647	79	0.44117647000000026
12.13235294	70	0.22058823999999966
12.35294118	75	0.8823529400000005
12.35294118	53	1.7647058799999993
12.35294118	46	1.7647058799999993
12.35294118	58	1.7647058799999993
13.23529412	70	0.8823529399999988
13.23529412	74	0.8823529399999988
13.89705882	72	0.22058823999999966
14.11764706	72	0.44117647000000026
14.11764706	67	0.2205882300000006
14.11764706	53	0.8823529400000005
14.11764706	41	0.8823529400000005
14.11764706	48	0.8823529400000005
14.33823529	68	0.22058823999999966
14.55882353	72	0.44117647000000026
14.55882353	60	0.2205882300000006
14.77941176	67	0.4411764799999993
15.0	72	0.44117647000000026
15.0	53	0.8823529400000005
15.22058824	68	0.6617647000000009
15.44117647	72	0.22058823999999966
15.66176471	72	0.2205882300000006
15.88235294	72	0.22058823999999788
15.88235294	68	0.22058823999999788
15.88235294	49	0.8823529400000005
15.88235294	37	0.8823529400000005
15.88235294	44	0.8823529400000005
16.10294118	70	0.2205882300000006
16.10294118	67	0.2205882300000006
16.32352941	68	0.22058824000000143
16.32352941	60	0.22058824000000143
16.54411765	68	0.4411764699999985
16.76470588	49	0.4411764699999985
16.98529412	67	0.44117647000000204
17.20588235	68	0.22058824000000143
17.20588235	37	0.44117647000000204
17.20588235	44	0.44117647000000204
17.42647059	70	0.2205882300000006
17.42647059	58	0.2205882300000006
17.64705882	70	0.22058823999999788
17.64705882	65	0.22058823999999788
17.64705882	46	0.882352939999997
17.64705882	39	0.882352939999997
17.64705882	51	0.882352939999997
17.86764706	70	0.8823529400000005
17.86764706	67	0.2205882300000006
18.08823529	58	0.22058824000000143
18.30882353	65	0.4411764699999985
18.52941176	51	0.8823529500000014
18.75	68	0.22058824000000143
18.75	67	0.4411764699999985
19.19117647	65	1.764705880000001
19.19117647	58	0.22058824000000143
19.41176471	63	0.4411764699999985
19.41176471	46	1.5441176399999996
19.41176471	41	1.5441176399999996
19.41176471	34	1.5441176399999996
19.85294118	58	0.44117647000000204
20.29411765	61	0.4411764699999985
20.73529412	58	0.44117647000000204
20.95588235	72	0.22058824000000143
20.95588235	48	0.22058824000000143
21.17647059	72	0.2205882300000006
21.17647059	67	0.2205882300000006
21.17647059	41	0.8823529400000005
21.17647059	53	0.8823529400000005
21.39705882	72	0.22058823999999788
21.39705882	68	0.22058823999999788
21.61764706	72	0.2205882300000006
21.61764706	60	0.2205882300000006
21.83823529	72	0.6617647099999999
21.83823529	68	0.4411764699999985
22.05882353	53	0.4411764699999985
22.27941176	67	0.6617647099999999
22.5	75	0.22058824000000143
22.5	48	0.4411764699999985
22.5	41	0.4411764699999985
22.72058824	75	0.22058822999999705
22.94117647	72	0.22058824000000143
22.94117647	68	0.22058824000000143
22.94117647	44	0.8823529400000005
22.94117647	37	0.8823529400000005
22.94117647	49	0.8823529400000005
23.16176471	72	1.1029411700000011
23.16176471	67	0.2205882300000006
23.38235294	60	0.22058823999999788
23.60294118	68	0.44117647000000204
23.82352941	49	0.8823529400000005
24.04411765	67	0.4411764699999985
24.26470588	70	0.22058823999999788
24.48529412	70	0.2205882300000006
24.48529412	58	0.2205882300000006
24.70588235	70	0.22058824000000143
24.70588235	65	0.22058824000000143
24.70588235	51	0.8823529400000005
24.70588235	39	0.8823529400000005
24.70588235	46	0.8823529400000005
24.92647059	72	0.8823529400000005
24.92647059	67	0.2205882300000006
25.14705882	58	0.22058823999999788
25.36764706	65	0.44117647000000204
25.58823529	51	0.8823529500000014
25.80882353	70	0.22058822999999705
25.80882353	63	0.4411764699999985
26.02941176	68	0.22058824000000143
26.25	70	2.426470590000001
26.25	58	0.22058824000000143
26.47058824	63	0.882352939999997
26.47058824	41	0.4411764699999985
26.47058824	46	0.4411764699999985
26.47058824	34	0.4411764699999985
26.91176471	46	0.8823529400000005
27.35294118	58	0.8823529400000005
27.35294118	62	0.8823529400000005
27.79411765	46	0.2205882300000006
28.01470588	48	0.22058823999999788
28.23529412	67	0.2205882300000006
28.23529412	41	0.8823529400000005
28.23529412	53	0.8823529400000005
28.45588235	68	0.22058824000000143
28.67647059	72	0.2205882300000006
28.67647059	60	0.2205882300000006
28.89705882	72	0.4411764699999985
28.89705882	67	0.4411764699999985
29.11764706	53	0.44117647000000204
29.33823529	75	0.4411764699999985
29.33823529	68	0.4411764699999985
29.55882353	49	0.4411764699999985
29.77941176	77	0.44117648000000287
29.77941176	60	0.22058824000000143
30.0	68	0.22058824000000143
30.0	37	0.8823529400000005
30.0	44	0.8823529400000005
30.22058824	75	0.4411764699999985
30.22058824	67	0.22058822999999705
30.44117647	60	0.22058824000000143
30.66176471	72	0.4411764699999985
30.66176471	68	0.4411764699999985
30.88235294	49	0.4411764699999985
31.10294118	75	0.44117647000000204
31.10294118	67	0.44117647000000204
31.32352941	49	0.22058824000000143
31.54411765	75	0.4411764699999985
31.54411765	58	0.2205882300000006
31.54411765	44	0.2205882300000006
31.76470588	65	0.22058823999999788
31.76470588	51	0.882352939999997
31.76470588	39	0.882352939999997
31.76470588	46	0.882352939999997
31.98529412	75	0.44117647000000204
31.98529412	67	0.22058823000000416
32.20588235	58	0.22058823999999788
32.42647059	73	0.22058822999999705
32.42647059	65	0.44117647000000204
32.64705882	72	0.220588240000005
32.64705882	51	0.8823529400000041
32.86764706	72	0.44117646999999494
32.86764706	67	0.44117646999999494
33.30882353	73	0.22058823000000416
33.30882353	58	0.22058823000000416
33.52941176	72	2.205882359999997
33.52941176	63	0.44117647999999576
33.52941176	34	0.8823529499999978
33.52941176	41	0.8823529499999978
33.52941176	46	0.8823529499999978
33.97058824	58	0.44117647000000204
34.41176471	61	0.44117647000000204
34.41176471	46	0.6617646999999991
34.85294118	58	0.44117646999999494
35.07352941	48	0.22058823999999788
35.29411765	60	1.5441176400000032
35.29411765	68	1.5441176400000032
35.29411765	53	1.5441176400000032
35.29411765	41	1.5441176400000032
35.73529412	72	0.22058823000000416
35.95588235	72	0.22058823999999788
36.17647059	70	0.22058822999999705
36.83823529	70	0.6617647099999999
36.83823529	58	1.985294119999999
36.83823529	67	1.985294119999999
36.83823529	46	1.985294119999999
36.83823529	51	1.985294119999999
36.83823529	39	1.985294119999999
37.5	72	0.22058823999999788
37.72058824	72	0.22058823000000416
37.94117647	70	0.44117646999999494
38.38235294	68	0.8823529400000041
38.82352941	62	0.8823529400000041
38.82352941	65	0.8823529400000041
38.82352941	46	3.529411770000003
38.82352941	58	1.764705880000001
38.82352941	53	3.529411770000003
39.70588235	63	0.44117646999999494
39.70588235	65	0.44117646999999494
40.58823529	65	0.44117647000000204
40.58823529	62	0.44117647000000204
41.02941176	58	0.44117647999999576
41.47058824	70	0.44117647000000204
41.47058824	62	0.44117647000000204
41.47058824	65	0.44117647000000204
41.91176471	58	0.3419117600000021
42.25367647	58	0.049632349999995995
42.30330882	63	0.04963236000000393
42.35294118	67	3.430147059999996
42.35294118	51	1.764705880000001
42.35294118	39	1.764705880000001
42.35294118	46	1.764705880000001
42.79411765	70	0.22058823000000416
43.01470588	70	0.44117647000000204
43.45588235	75	0.44117646999999494
43.89705882	75	0.44117647000000204
44.11764706	46	1.764705879999994
44.11764706	51	1.764705879999994
44.11764706	39	1.764705879999994
44.33823529	70	0.44117647000000204
44.77941176	70	0.44117647999999576
45.22058824	77	0.44117647000000204
45.66176471	77	0.6617646999999991
45.78308824	56	0.0496323500000031
45.83272059	61	0.049632349999995995
45.88235294	65	3.430147060000003
45.88235294	37	1.764705880000001
45.88235294	44	1.764705880000001
45.88235294	49	1.764705880000001
46.32352941	77	0.22058823999999788
46.54411765	75	0.22058823000000416
46.76470588	77	0.22058823999999788
46.98529412	77	0.44117647000000204
47.42647059	77	0.22058822999999705
47.64705882	77	0.220588240000005
47.64705882	49	1.3235294199999998
47.64705882	44	1.3235294199999998
47.64705882	37	1.3235294199999998
47.86764706	79	0.44117646999999494
48.30882353	80	0.44117647000000204
48.75	79	0.44117647000000204
48.97058824	37	0.44117647000000204
48.97058824	44	0.44117647000000204
48.97058824	49	0.44117647000000204
49.19117647	79	0.6617647099999999
49.3125	58	0.0496323500000031
49.36213235	63	0.04963235999999682
49.41176471	67	3.529411760000002
49.41176471	51	1.764705880000001
49.41176471	39	1.764705880000001
49.41176471	46	1.764705880000001
49.85294118	70	0.22058822999999705
50.07352941	70	0.44117647000000204
50.51470588	75	0.44117647000000204
50.95588235	75	0.6617647099999999
51.17647059	46	1.323529409999999
51.17647059	51	1.323529409999999
51.17647059	39	1.323529409999999
51.61764706	70	0.22058822999999705
51.83823529	70	0.44117647000000204
52.27941176	77	0.44117647999999576
52.5	51	0.44117647000000204
52.5	46	0.44117647000000204
52.5	39	0.44117647000000204
52.72058824	77	3.3088235200000042
52.94117647	65	0.22058823999999788
52.94117647	61	0.22058823999999788
52.94117647	44	1.764705880000001
52.94117647	37	1.764705880000001
52.94117647	49	1.764705880000001
53.16176471	56	0.22058822999999705
53.38235294	61	0.220588240000005
53.38235294	65	0.220588240000005
53.60294118	56	0.22058822999999705
53.82352941	61	0.22058823999999788
53.82352941	65	0.22058823999999788
54.04411765	56	0.22058823000000416
54.26470588	65	0.22058823999999788
54.26470588	61	0.22058823999999788
54.48529412	56	0.22058823000000416
54.70588235	61	0.22058823999999788
54.70588235	65	0.22058823999999788
54.70588235	44	1.7647058899999948
54.70588235	37	1.7647058899999948
54.70588235	49	1.7647058899999948
54.92647059	56	0.22058822999999705
55.14705882	61	0.220588240000005
55.14705882	65	0.220588240000005
55.36764706	56	0.22058822999999705
55.58823529	65	0.22058823999999788
55.58823529	61	0.22058823999999788
55.80882353	56	0.22058823000000416
56.02941176	75	0.22058823999999788
56.02941176	61	0.22058823999999788
56.02941176	65	0.22058823999999788
56.25	77	0.44117647000000204
56.25	56	0.22058823999999788
56.47058824	65	0.22058823000000416
56.47058824	61	0.22058823000000416
56.47058824	44	1.764705880000001
56.47058824	49	1.764705880000001
56.47058824	37	1.764705880000001
56.69117647	79	0.6617647099999999
56.69117647	56	0.22058823999999788
56.91176471	61	0.22058822999999705
56.91176471	65	0.22058822999999705
57.13235294	56	0.220588240000005
57.35294118	80	1.9852941099999981
57.35294118	65	0.22058822999999705
57.35294118	61	0.22058822999999705
57.57352941	56	0.22058823999999788
57.79411765	61	0.22058823000000416
57.79411765	65	0.22058823000000416
58.01470588	56	0.22058823999999788
58.23529412	61	0.22058823000000416
58.23529412	65	0.22058823000000416
58.23529412	37	0.8823529400000041
58.23529412	44	0.8823529400000041
58.23529412	49	0.8823529400000041
58.45588235	56	0.22058823999999788
58.67647059	65	0.22058822999999705
58.67647059	61	0.22058822999999705
58.89705882	56	0.220588240000005
59.11764706	65	0.882352939999997
59.11764706	61	0.882352939999997
59.11764706	37	0.882352939999997
59.11764706	44	0.882352939999997
59.11764706	49	0.882352939999997
59.33823529	77	0.22058823999999788
59.55882353	79	0.22058823000000416
59.77941176	80	0.44117647999999576
60.0	87	0.22058823999999788
60.0	84	0.22058823999999788
60.0	56	1.764705880000001
60.22058824	75	0.22058823000000416
60.44117647	87	0.22058823999999788
60.44117647	84	0.22058823999999788
60.44117647	80	0.22058823999999788
60.66176471	75	0.22058822999999705
60.88235294	80	0.220588240000005
60.88235294	87	0.220588240000005
60.88235294	84	0.220588240000005
61.10294118	75	0.22058822999999705
61.32352941	75	0.22058823999999788
61.32352941	87	0.22058823999999788
61.32352941	84	0.22058823999999788
61.32352941	80	0.22058823999999788
61.54411765	82	0.44117647000000204
61.54411765	75	0.22058823000000416
61.76470588	79	0.22058823999999788
61.76470588	87	0.22058823999999788
61.76470588	51	1.764705880000001
61.98529412	75	0.22058823000000416
62.20588235	79	0.22058823999999788
62.20588235	87	0.22058823999999788
62.20588235	82	0.22058823999999788
62.42647059	75	0.22058822999999705
62.64705882	79	0.220588240000005
62.64705882	82	0.220588240000005
62.64705882	87	0.220588240000005
62.86764706	75	0.22058822999999705
63.08823529	80	0.22058823999999788
63.08823529	79	0.22058823999999788
63.08823529	82	0.22058823999999788
63.08823529	87	0.22058823999999788
63.30882353	77	0.22058823000000416
63.30882353	75	0.22058823000000416
63.52941176	77	0.22058823999999788
63.52941176	80	0.22058823999999788
63.52941176	84	0.22058823999999788
63.52941176	53	1.3235294199999998
63.75	77	0.22058823999999788
63.97058824	77	0.44117647000000204
63.97058824	80	0.22058823000000416
63.97058824	84	0.22058823000000416
64.41176471	77	0.22058823000000416
64.41176471	80	0.22058823000000416
64.41176471	84	0.22058823000000416
64.63235294	79	0.44117647000000204
64.63235294	77	0.22058823999999788
64.85294118	84	0.22058823000000416
64.85294118	80	0.22058823000000416
64.85294118	53	0.44117647000000204
65.07352941	80	0.44117646999998783
65.07352941	77	0.22058823999999788
65.29411765	85	0.22058822999998995
65.29411765	49	1.323529409999992
65.51470588	77	0.2205882400000121
65.73529412	80	0.22058822999998995
65.73529412	85	0.22058822999998995
65.95588235	77	0.22058823999999788
66.17647059	80	0.22058823000000416
66.17647059	85	0.22058823000000416
66.39705882	77	0.22058823999999788
66.61764706	79	0.22058823000000416
66.61764706	80	0.22058823000000416
66.61764706	85	0.22058823000000416
66.61764706	49	0.22058823000000416
66.83823529	80	0.44117647000000204
66.83823529	77	0.22058823999999788
66.83823529	53	0.22058823999999788
67.05882353	84	0.22058823000000416
67.05882353	56	1.3235294100000061
67.27941176	75	0.22058823999999788
67.5	84	0.22058823999999788
67.5	80	0.22058823999999788
67.72058824	75	0.22058823000000416
67.94117647	80	0.22058823999999788
67.94117647	84	0.22058823999999788
68.16176471	75	0.22058823000000416
68.38235294	80	0.22058823999999788
68.38235294	84	0.22058823999999788
68.38235294	56	0.22058823999999788
68.60294118	84	0.44117647000000204
68.60294118	75	0.22058823000000416
68.60294118	58	0.22058823000000416
68.82352941	79	0.22058823999999788
68.82352941	82	0.22058823999999788
68.82352941	51	0.8823529399999899
69.04411765	82	0.44117647000000204
69.04411765	75	0.22058822999998995
69.26470588	79	0.2205882400000121
69.48529412	75	0.22058822999998995
69.70588235	82	0.22058823999999788
69.70588235	79	0.22058823999999788
69.70588235	63	0.44117647000000204
69.92647059	80	0.22058823000000416
69.92647059	75	0.22058823000000416
70.14705882	79	0.22058823999999788
70.14705882	82	0.22058823999999788
70.14705882	51	0.44117647000000204
70.36764706	84	0.44117647000000204
70.36764706	75	0.22058823000000416
70.58823529	80	0.22058823999999788
70.58823529	53	0.8823529499999978
70.80882353	84	0.44117647000000204
70.80882353	77	0.22058823000000416
71.02941176	80	0.22058823999999788
71.25	85	0.22058823999999788
71.25	77	0.22058823999999788
71.47058824	84	0.22058823000000416
71.47058824	80	0.22058823000000416
71.47058824	65	0.44117647000000204
71.69117647	77	0.22058823999999788
71.91176471	82	0.22058823000000416
71.91176471	84	0.22058823000000416
71.91176471	80	0.22058823000000416
71.91176471	53	0.44117647000000204
72.13235294	80	0.22058823999999788
72.13235294	77	0.22058823999999788
72.35294118	82	0.22058823000000416
72.35294118	80	0.22058823000000416
72.35294118	85	0.22058823000000416
72.35294118	49	0.8823529400000041
72.57352941	80	0.44117646999998783
72.57352941	77	0.22058823999999788
72.79411765	85	0.22058822999998995
73.01470588	77	0.2205882400000121
73.23529412	80	0.22058822999998995
73.23529412	85	0.22058822999998995
73.23529412	61	0.8823529399999899
73.45588235	77	0.22058823999999788
73.67647059	85	0.22058823000000416
73.67647059	80	0.22058823000000416
73.89705882	77	0.22058823999999788
74.11764706	87	0.44117647000000204
74.11764706	80	0.22058823000000416
74.11764706	75	0.22058823000000416
74.11764706	68	1.7647058800000082
74.11764706	63	1.7647058800000082
74.11764706	56	1.7647058800000082
74.33823529	72	0.22058823999999788
74.55882353	84	0.22058823000000416
74.55882353	75	0.22058823000000416
74.55882353	80	0.22058823000000416
74.77941176	84	0.44117647999999576
74.77941176	72	0.22058823999999788
75.0	80	0.22058823999999788
75.0	75	0.22058823999999788
75.22058824	82	0.22058823000000416
75.22058824	72	0.22058823000000416
75.44117647	82	1.323529409999992
75.44117647	80	0.22058823999999788
75.44117647	75	0.22058823999999788
75.66176471	72	0.22058823000000416
75.88235294	79	0.22058823999999788
75.88235294	75	0.22058823999999788
75.88235294	63	1.764705879999994
75.88235294	58	1.764705879999994
75.88235294	51	1.764705879999994
76.10294118	70	0.22058823000000416
76.32352941	79	0.22058823999999788
76.32352941	75	0.22058823999999788
76.54411765	70	0.22058822999998995
76.76470588	80	0.44117647000000204
76.76470588	75	0.2205882400000121
76.76470588	79	0.2205882400000121
76.98529412	70	0.22058822999998995
77.20588235	80	0.44117647000000204
77.20588235	79	0.22058823999999788
77.20588235	75	0.22058823999999788
77.42647059	70	0.22058823000000416
77.64705882	87	0.22058823999999788
77.64705882	80	0.22058823999999788
77.64705882	77	0.22058823999999788
77.64705882	53	1.7647058900000019
77.64705882	65	1.7647058900000019
77.64705882	60	1.7647058900000019
77.86764706	87	0.44117647000000204
77.86764706	72	0.22058823000000416
78.08823529	80	0.22058823999999788
78.08823529	77	0.22058823999999788
78.30882353	84	0.44117647000000204
78.30882353	72	0.22058823000000416
78.52941176	77	0.44117647999999576
78.52941176	80	0.44117647999999576
78.97058824	80	1.7647058800000082
78.97058824	72	0.44117647000000204
79.41176471	73	0.8823529400000041
79.41176471	68	0.8823529400000041
79.41176471	77	0.8823529400000041
79.41176471	61	1.764705879999994
79.41176471	56	1.764705879999994
79.41176471	49	1.764705879999994
80.29411765	65	0.8823529399999899
80.73529412	80	0.22058822999998995
80.95588235	80	0.22058823999999788
81.17647059	79	0.44117647000000204
81.17647059	63	0.8823529400000041
81.17647059	67	0.8823529400000041
81.17647059	60	0.8823529400000041
81.17647059	55	1.3235294100000061
81.17647059	48	1.3235294100000061
81.61764706	75	0.22058823000000416
81.83823529	75	0.6617647099999999
82.05882353	67	0.8823529400000041
82.05882353	63	0.8823529400000041
82.05882353	60	0.8823529400000041
82.5	75	1.985294120000006
82.5	55	0.44117647000000204
82.5	48	0.44117647000000204
82.94117647	63	0.44117647000000204
82.94117647	66	0.44117647000000204
82.94117647	59	0.44117647000000204
82.94117647	54	1.323529409999992
82.94117647	47	1.323529409999992
83.38235294	66	0.44117647000000204
83.38235294	63	0.44117647000000204
83.38235294	59	0.44117647000000204
83.82352941	66	0.44117646999998783
83.82352941	59	0.44117646999998783
83.82352941	63	0.44117646999998783
84.26470588	63	0.44117647000000204
84.26470588	59	0.44117647000000204
84.26470588	66	0.44117647000000204
84.26470588	47	0.44117647000000204
84.26470588	35	0.44117647000000204
84.48529412	73	0.22058822999998995
84.70588235	73	0.44117647000000204
84.70588235	56	2.647058830000006
84.70588235	61	2.647058830000006
84.70588235	68	2.647058830000006
84.70588235	65	2.647058830000006
84.70588235	44	2.426470590000008
84.70588235	37	2.426470590000008
84.70588235	49	2.426470590000008
85.14705882	73	0.22058823999999788
85.36764706	72	0.22058823000000416
85.58823529	73	0.22058823999999788
85.80882353	72	0.22058823000000416
86.02941176	73	0.22058823999999788
86.25	73	0.22058823999999788
86.47058824	72	0.22058823000000416
87.35294118	75	0.44117647000000204
87.35294118	80	0.44117647000000204
87.57352941	56	0.6617647099999999
87.79411765	73	0.22058822999998995
87.79411765	80	0.22058822999998995
88.01470588	72	0.6617647099999999
88.23529412	56	0.44117646999998783
88.23529412	51	0.44117646999998783
88.23529412	44	0.44117646999998783
88.67647059	68	0.22058823000000416
88.67647059	56	0.44117647000000204
88.67647059	44	0.44117647000000204
88.67647059	51	0.44117647000000204
88.89705882	75	0.22058823999999788
89.11764706	80	0.22058823000000416
89.11764706	68	0.22058823000000416
89.11764706	56	0.44117647000000204
89.11764706	44	0.44117647000000204
89.11764706	51	0.44117647000000204
89.33823529	75	0.22058823999999788
89.55882353	68	0.22058823000000416
89.55882353	80	0.22058823000000416
89.55882353	44	0.44117647000000204
89.55882353	51	0.44117647000000204
89.55882353	56	0.44117647000000204
89.77941176	82	0.44117647999999576
90.0	51	0.44117647000000204
90.0	43	0.44117647000000204
90.0	55	0.44117647000000204
90.22058824	75	0.22058823000000416
90.44117647	70	0.22058823999999788
90.44117647	51	0.44117647000000204
90.44117647	55	0.44117647000000204
90.44117647	43	0.44117647000000204
90.66176471	75	0.22058823000000416
90.88235294	70	0.22058823999999788
90.88235294	82	0.22058823999999788
90.88235294	55	0.44117647000000204
90.88235294	43	0.44117647000000204
90.88235294	51	0.44117647000000204
91.10294118	80	0.22058823000000416
91.32352941	79	0.22058823999999788
91.32352941	70	0.22058823999999788
91.32352941	43	0.44117646999998783
91.32352941	55	0.44117646999998783
91.32352941	51	0.44117646999998783
91.54411765	80	0.22058822999998995
91.76470588	56	0.44117647000000204
91.76470588	65	0.44117647000000204
91.76470588	60	0.44117647000000204
91.76470588	48	0.44117647000000204
91.76470588	41	0.44117647000000204
91.76470588	53	0.44117647000000204
91.98529412	72	0.22058822999998995
92.20588235	72	0.22058823999999788
92.20588235	65	0.44117647000000204
92.20588235	60	0.44117647000000204
92.20588235	56	0.44117647000000204
92.20588235	53	0.44117647000000204
92.20588235	41	0.44117647000000204
92.20588235	48	0.44117647000000204
92.42647059	72	0.22058823000000416
92.64705882	72	0.22058823999999788
92.64705882	60	0.44117647000000204
92.64705882	65	0.44117647000000204
92.64705882	56	0.44117647000000204
92.64705882	53	0.44117647000000204
92.64705882	41	0.44117647000000204
92.64705882	48	0.44117647000000204
92.86764706	72	0.44117647000000204
93.08823529	65	0.44117647000000204
93.08823529	60	0.44117647000000204
93.08823529	56	0.44117647000000204
93.08823529	41	0.44117647000000204
93.08823529	53	0.44117647000000204
93.08823529	48	0.44117647000000204
93.30882353	72	0.44117647000000204
93.52941176	65	0.44117647999999576
93.52941176	56	0.44117647999999576
93.52941176	60	0.44117647999999576
93.52941176	44	0.44117647999999576
93.52941176	37	0.44117647999999576
93.52941176	49	0.44117647999999576
93.75	68	1.102941180000002
93.97058824	65	0.44117647000000204
93.97058824	60	0.44117647000000204
93.97058824	56	0.44117647000000204
93.97058824	44	0.44117647000000204
93.97058824	37	0.44117647000000204
93.97058824	49	0.44117647000000204
94.41176471	60	0.44117647000000204
94.41176471	56	0.44117647000000204
94.41176471	65	0.44117647000000204
94.41176471	44	0.44117647000000204
94.41176471	37	0.44117647000000204
94.41176471	49	0.44117647000000204
94.85294118	68	0.44117647000000204
94.85294118	56	0.44117647000000204
94.85294118	65	0.44117647000000204
94.85294118	60	0.44117647000000204
94.85294118	49	0.44117647000000204
94.85294118	44	0.44117647000000204
94.85294118	37	0.44117647000000204
95.29411765	75	0.44117647000000204
95.29411765	55	0.44117647000000204
95.29411765	63	0.44117647000000204
95.29411765	58	0.44117647000000204
95.29411765	39	0.44117647000000204
95.29411765	46	0.44117647000000204
95.29411765	51	0.44117647000000204
95.73529412	75	0.22058822999998995
95.73529412	58	0.44117646999998783
95.73529412	55	0.44117646999998783
95.73529412	63	0.44117646999998783
95.73529412	51	0.44117646999998783
95.73529412	46	0.44117646999998783
95.73529412	39	0.44117646999998783
95.95588235	73	0.44117647000000204
96.17647059	55	0.44117647000000204
96.17647059	63	0.44117647000000204
96.17647059	58	0.44117647000000204
96.17647059	51	0.44117647000000204
96.17647059	39	0.44117647000000204
96.17647059	46	0.44117647000000204
96.39705882	72	0.44117647000000204
96.61764706	63	0.44117647000000204
96.61764706	55	0.44117647000000204
96.61764706	58	0.44117647000000204
96.61764706	51	0.44117647000000204
96.61764706	39	0.44117647000000204
96.61764706	46	0.44117647000000204
96.83823529	70	1.544117650000004
97.05882353	58	0.44117647000000204
97.05882353	53	0.44117647000000204
97.05882353	61	0.44117647000000204
97.05882353	46	0.44117647000000204
97.05882353	41	0.44117647000000204
97.05882353	34	0.44117647000000204
97.5	53	0.44117647000000204
97.5	58	0.44117647000000204
97.5	61	0.44117647000000204
97.5	34	0.44117647000000204
97.5	41	0.44117647000000204
97.5	46	0.44117647000000204
97.94117647	58	0.44117647000000204
97.94117647	61	0.44117647000000204
97.94117647	53	0.44117647000000204
97.94117647	41	0.44117647000000204
97.94117647	34	0.44117647000000204
97.94117647	46	0.44117647000000204
98.38235294	70	0.22058823999999788
98.38235294	53	0.44117647000000204
98.38235294	58	0.44117647000000204
98.38235294	61	0.44117647000000204
98.38235294	41	0.44117647000000204
98.38235294	34	0.44117647000000204
98.38235294	46	0.44117647000000204
98.60294118	70	0.22058823000000416
98.82352941	72	0.44117646999998783
98.82352941	60	0.44117646999998783
98.82352941	68	0.44117646999998783
98.82352941	65	0.44117646999998783
98.82352941	48	0.44117646999998783
98.82352941	53	0.44117646999998783
98.82352941	41	0.44117646999998783
99.26470588	72	0.2205882400000121
99.26470588	65	0.44117647000000204
99.26470588	68	0.44117647000000204
99.26470588	60	0.44117647000000204
99.26470588	53	0.44117647000000204
99.26470588	41	0.44117647000000204
99.26470588	48	0.44117647000000204
99.48529412	72	0.44117646999998783
99.70588235	60	0.4411764500000004
99.70588235	65	0.4411764500000004
99.70588235	68	0.4411764500000004
99.70588235	48	0.4411764500000004
99.70588235	41	0.4411764500000004
99.70588235	53	0.4411764500000004
99.92647059	75	0.44117651000000535
100.1470588	65	0.4411764999999974
100.1470588	68	0.4411764999999974
100.1470588	60	0.4411764999999974
100.1470588	41	0.4411764999999974
100.1470588	53	0.4411764999999974
100.1470588	48	0.4411764999999974
100.3676471	77	0.6617647000000062
100.5882353	58	0.44117650000001163
100.5882353	63	0.44117650000001163
100.5882353	67	0.44117650000001163
100.5882353	51	0.44117650000001163
100.5882353	39	0.44117650000001163
100.5882353	46	0.44117650000001163
101.0294118	75	0.8823529000000008
101.0294118	63	0.44117639999998914
101.0294118	67	0.44117639999998914
101.0294118	58	0.44117639999998914
101.0294118	51	0.44117639999998914
101.0294118	46	0.44117639999998914
101.0294118	39	0.44117639999998914
101.4705882	58	0.44117650000001163
101.4705882	63	0.44117650000001163
101.4705882	67	0.44117650000001163
101.4705882	51	0.44117650000001163
101.4705882	39	0.44117650000001163
101.4705882	46	0.44117650000001163
101.9117647	75	0.4411764999999974
101.9117647	67	0.4411764999999974
101.9117647	63	0.4411764999999974
101.9117647	58	0.4411764999999974
101.9117647	39	0.4411764999999974
101.9117647	46	0.4411764999999974
101.9117647	51	0.4411764999999974
102.3529412	80	0.44117640000000335
102.3529412	65	0.661764699999992
102.3529412	63	0.661764699999992
102.3529412	58	0.661764699999992
102.3529412	41	2.205882299999999
102.3529412	46	2.205882299999999
102.3529412	34	2.205882299999999
102.7941176	80	0.22058829999998864
103.0147059	79	0.4411764999999974
103.0147059	65	0.8823529000000008
103.0147059	63	0.8823529000000008
103.0147059	58	0.8823529000000008
103.4558824	77	0.44117640000000335
103.8970588	75	0.22058830000000285
103.8970588	58	0.22058830000000285
104.1176471	77	2.205882299999999
104.1176471	65	0.8823529000000008
104.1176471	62	0.8823529000000008
104.5588235	53	0.22058830000000285
104.7794118	51	0.22058819999999457
105.0	70	0.22058819999999457
105.0	50	0.22058819999999457
105.2205882	72	0.22058830000000285
105.2205882	53	0.22058830000000285
105.4411765	74	0.44117640000000335
105.4411765	50	0.22058820000000878
105.6617647	46	0.22058819999999457
105.8823529	58	1.544117700000001
105.8823529	67	1.544117700000001
105.8823529	63	1.544117700000001
105.8823529	51	1.7647058999999956
105.8823529	46	1.7647058999999956
105.8823529	39	1.7647058999999956
106.3235294	70	0.22058820000000878
106.5441176	70	0.4411764999999974
106.9852941	75	0.4411764999999974
107.4264706	75	0.4411764999999974
107.4264706	63	0.4411764999999974
107.4264706	67	0.4411764999999974
107.6470588	39	1.3235293999999982
107.6470588	46	1.3235293999999982
107.6470588	51	1.3235293999999982
107.8676471	70	0.44117640000000335
107.8676471	58	0.44117640000000335
108.3088235	70	0.4411764999999974
108.3088235	63	0.4411764999999974
108.3088235	67	0.4411764999999974
108.75	75	0.4411764999999974
108.75	58	0.22058819999999457
108.9705882	67	0.44117650000001163
108.9705882	63	0.44117650000001163
108.9705882	39	0.44117650000001163
109.1911765	77	0.6617647000000062
109.4117647	61	0.8823529000000008
109.4117647	56	0.8823529000000008
109.4117647	65	0.8823529000000008
109.4117647	49	2.6470587999999964
109.4117647	37	2.6470587999999964
109.4117647	44	2.6470587999999964
109.8529412	75	0.22058819999999457
110.0735294	77	0.4411764999999974
110.2941176	65	0.8823529999999948
110.2941176	61	0.8823529999999948
110.2941176	56	0.8823529999999948
110.5147059	75	0.4411764999999974
110.9558824	77	0.44117640000000335
111.1764706	67	0.8823529000000008
111.3970588	79	0.4411764999999974
111.8382353	80	0.44117650000001163
112.0588235	68	0.8823529999999948
112.0588235	37	0.8823529999999948
112.2794118	82	0.44117639999998914
112.7205882	75	0.6617647000000062
112.9411765	58	1.1029411000000096
112.9411765	67	1.1029411000000096
112.9411765	63	1.1029411000000096
112.9411765	70	0.6617647000000062
112.9411765	51	1.7647058999999956
112.9411765	46	1.7647058999999956
112.9411765	39	1.7647058999999956
113.6029412	70	0.44117640000000335
114.0441176	75	0.4411764999999974
114.0441176	58	0.22058829999998864
114.2647059	63	0.22058820000000878
114.4852941	75	0.4411764999999974
114.4852941	67	0.4411764999999974
114.7058824	39	1.3235294000000124
114.7058824	46	1.3235294000000124
114.7058824	51	1.3235294000000124
114.9264706	70	0.4411764999999974
114.9264706	58	0.4411764999999974
115.3676471	75	0.44117640000000335
115.3676471	63	0.44117640000000335
115.3676471	67	0.44117640000000335
115.8088235	70	0.22058830000000285
115.8088235	58	0.22058830000000285
116.0294118	77	1.5441175999999928
116.0294118	67	0.44117639999998914
116.0294118	63	0.44117639999998914
116.0294118	39	0.44117639999998914
116.4705882	61	0.44117650000001163
116.4705882	53	0.44117650000001163
116.4705882	56	0.44117650000001163
116.4705882	65	0.44117650000001163
116.4705882	49	0.882353000000009
116.4705882	44	0.882353000000009
116.4705882	37	0.882353000000009
116.9117647	56	0.4411764999999974
116.9117647	65	0.4411764999999974
116.9117647	61	0.4411764999999974
117.3529412	65	0.44117640000000335
117.3529412	56	0.44117640000000335
117.3529412	61	0.44117640000000335
117.3529412	49	0.44117640000000335
117.5735294	79	0.4411764999999974
117.7941176	61	0.4411764999999974
117.7941176	65	0.4411764999999974
117.7941176	56	0.4411764999999974
117.7941176	49	0.4411764999999974
118.0147059	80	2.205882299999999
118.2352941	65	0.22058829999998864
118.2352941	56	0.22058829999998864
118.2352941	61	0.22058829999998864
118.2352941	49	0.4411764999999974
118.4558824	73	0.22058820000000878
118.6764706	65	0.22058819999999457
118.6764706	68	0.22058819999999457
118.6764706	56	0.22058819999999457
118.6764706	61	0.22058819999999457
118.6764706	49	0.4411764999999974
118.8970588	73	0.22058830000000285
119.1176471	56	0.22058819999999457
119.1176471	75	0.22058819999999457
119.1176471	61	0.22058819999999457
119.1176471	65	0.22058819999999457
119.1176471	49	0.44117640000000335
119.3382353	73	0.22058820000000878
119.5588235	61	0.22058830000000285
119.5588235	56	0.22058830000000285
119.5588235	65	0.22058830000000285
119.5588235	75	0.22058830000000285
119.5588235	49	0.4411764999999974
119.7794118	79	0.22058819999999457
120.0	56	0.22058819999999457
120.0	61	0.22058819999999457
120.0	65	0.22058819999999457
120.2205882	73	0.22058830000000285
120.4411765	56	0.22058820000000878
120.4411765	61	0.22058820000000878
120.4411765	65	0.22058820000000878
120.4411765	75	0.22058820000000878
120.4411765	49	0.44117640000000335
120.6617647	79	0.22058819999999457
120.8823529	65	0.8823529999999948
120.8823529	61	0.8823529999999948
120.8823529	56	0.8823529999999948
120.8823529	80	0.22058830000000285
120.8823529	49	0.8823529999999948
121.1029412	77	0.22058819999999457
121.3235294	79	0.22058820000000878
121.5441176	80	0.22058829999998864
121.7647059	75	0.4411764999999974
121.7647059	72	0.4411764999999974
121.7647059	80	0.4411764999999974
121.7647059	56	0.8823529000000008
121.7647059	51	0.8823529000000008
121.7647059	44	0.8823529000000008
122.2058824	75	0.44117640000000335
122.2058824	72	0.44117640000000335
122.2058824	80	0.44117640000000335
122.6470588	72	0.4411764999999974
122.6470588	80	0.22058830000000285
122.6470588	75	0.4411764999999974
122.6470588	44	0.882353000000009
122.6470588	51	0.882353000000009
122.6470588	56	0.882353000000009
123.0882353	75	0.22058820000000878
123.0882353	72	0.44117650000001163
123.0882353	80	0.44117650000001163
123.3088235	82	1.3235293999999982
123.5294118	70	0.44117639999998914
123.5294118	79	0.44117639999998914
123.5294118	75	0.44117639999998914
123.5294118	39	1.3235293999999982
123.5294118	46	1.3235293999999982
123.5294118	51	1.3235293999999982
123.9705882	79	0.44117650000001163
123.9705882	70	0.44117650000001163
123.9705882	75	0.44117650000001163
124.4117647	75	0.4411764999999974
124.4117647	79	0.4411764999999974
124.4117647	70	0.4411764999999974
124.6323529	80	0.22058830000000285
124.8529412	77	0.22058819999999457
124.8529412	70	0.44117640000000335
124.8529412	79	0.44117640000000335
124.8529412	75	0.44117640000000335
124.8529412	39	0.44117640000000335
125.0735294	77	0.4411764999999974
125.2941176	72	0.4411764999999974
125.2941176	68	0.4411764999999974
125.2941176	48	0.8823529999999948
125.2941176	53	0.8823529999999948
125.2941176	41	0.8823529999999948
125.5147059	77	0.22058820000000878
125.7352941	77	0.22058829999998864
125.7352941	72	0.4411764999999974
125.7352941	68	0.4411764999999974
125.9558824	77	0.22058820000000878
126.1764706	72	0.4411764999999974
126.1764706	68	0.4411764999999974
126.1764706	77	0.22058819999999457
126.1764706	53	0.4411764999999974
126.1764706	41	0.4411764999999974
126.1764706	48	0.4411764999999974
126.3970588	79	0.4411764999999974
126.6176471	68	0.44117640000000335
126.6176471	77	0.44117640000000335
126.6176471	72	0.44117640000000335
126.6176471	39	0.44117640000000335
126.8382353	80	0.44117650000001163
127.0588235	77	0.4411764999999974
127.0588235	73	0.4411764999999974
127.0588235	68	0.4411764999999974
127.0588235	37	0.8823529999999948
127.0588235	44	0.8823529999999948
127.0588235	49	0.8823529999999948
127.2794118	82	0.22058819999999457
127.5	80	0.661764699999992
127.5	68	0.4411764999999974
127.5	73	0.4411764999999974
127.5	77	0.4411764999999974
127.9411765	68	0.44117640000000335
127.9411765	77	0.44117640000000335
127.9411765	73	0.44117640000000335
127.9411765	49	0.882352900000015
127.9411765	37	0.882352900000015
127.9411765	44	0.882352900000015
128.3823529	79	0.22058830000000285
128.3823529	73	0.44117650000001163
128.3823529	68	0.44117650000001163
128.3823529	77	0.44117650000001163
128.6029412	80	0.661764699999992
128.8235294	75	0.4411764999999832
128.8235294	72	0.4411764999999832
128.8235294	44	0.8823529999999948
128.8235294	56	0.8823529999999948
128.8235294	51	0.8823529999999948
129.2647059	75	0.44117650000001163
129.2647059	72	0.44117650000001163
129.2647059	80	0.44117650000001163
129.7058824	72	0.44117639999998914
129.7058824	75	0.44117639999998914
129.7058824	80	0.22058819999998036
129.7058824	51	0.8823529000000008
129.7058824	56	0.8823529000000008
129.7058824	44	0.8823529000000008
130.1470588	84	0.22058830000000285
130.1470588	80	0.44117650000001163
130.1470588	72	0.44117650000001163
130.1470588	75	0.44117650000001163
130.3676471	84	0.22058820000000878
130.5882353	82	1.323529399999984
130.5882353	70	0.4411764999999832
130.5882353	79	0.4411764999999832
130.5882353	75	0.4411764999999832
130.5882353	46	1.323529399999984
130.5882353	51	1.323529399999984
130.5882353	39	1.323529399999984
131.0294118	79	0.44117640000001757
131.0294118	75	0.44117640000001757
131.0294118	70	0.44117640000001757
131.4705882	79	0.4411764999999832
131.4705882	70	0.4411764999999832
131.4705882	75	0.4411764999999832
131.9117647	80	0.22058820000000878
131.9117647	79	0.44117650000001163
131.9117647	70	0.44117650000001163
131.9117647	75	0.44117650000001163
131.9117647	39	0.44117650000001163
132.1323529	84	0.44117650000001163
132.3529412	68	0.44117639999998914
132.3529412	77	0.44117639999998914
132.3529412	72	0.44117639999998914
132.3529412	53	0.8823529000000008
132.3529412	48	0.8823529000000008
132.3529412	41	0.8823529000000008
132.5735294	84	0.4411764999999832
132.7941176	77	0.44117650000001163
132.7941176	68	0.44117650000001163
132.7941176	72	0.44117650000001163
133.0147059	85	0.22058820000000878
133.2352941	84	0.4411764999999832
133.2352941	77	0.4411764999999832
133.2352941	72	0.4411764999999832
133.2352941	68	0.4411764999999832
133.2352941	41	0.4411764999999832
133.2352941	53	0.4411764999999832
133.2352941	48	0.4411764999999832
133.6764706	82	0.22058820000000878
133.6764706	72	0.44117650000001163
133.6764706	68	0.44117650000001163
133.6764706	77	0.44117650000001163
133.6764706	39	0.44117650000001163
133.8970588	80	0.22058830000000285
134.1176471	82	0.22058820000000878
134.1176471	73	0.44117639999998914
134.1176471	77	0.44117639999998914
134.1176471	68	0.44117639999998914
134.1176471	49	0.8823529000000008
134.1176471	44	0.8823529000000008
134.1176471	37	0.8823529000000008
134.3382353	80	1.5441175999999928
134.5588235	68	0.44117650000001163
134.5588235	73	0.44117650000001163
134.5588235	77	0.44117650000001163
135.0	73	0.44117650000001163
135.0	77	0.44117650000001163
135.0	68	0.44117650000001163
135.0	49	0.8823529000000008
135.0	44	0.8823529000000008
135.0	37	0.8823529000000008
135.4411765	68	0.44117639999998914
135.4411765	77	0.44117639999998914
135.4411765	73	0.44117639999998914
135.8823529	87	0.661764699999992
135.8823529	72	0.661764699999992
135.8823529	80	0.661764699999992
135.8823529	75	0.661764699999992
135.8823529	44	0.661764699999992
135.8823529	56	0.661764699999992
135.8823529	51	0.661764699999992
136.5441176	84	0.6617648000000145
136.5441176	75	0.6617648000000145
136.5441176	80	0.6617648000000145
136.5441176	72	0.6617648000000145
136.5441176	44	0.6617648000000145
136.5441176	56	0.6617648000000145
136.5441176	51	0.6617648000000145
137.2058824	82	1.7647058000000015
137.2058824	75	1.323529399999984
137.2058824	70	1.323529399999984
137.2058824	79	1.323529399999984
137.2058824	51	1.323529399999984
137.2058824	46	1.323529399999984
137.2058824	39	1.323529399999984
138.5294118	70	0.8823529000000008
138.5294118	75	0.8823529000000008
138.5294118	79	0.8823529000000008
138.5294118	51	0.8823529000000008
138.5294118	46	0.8823529000000008
138.5294118	39	0.8823529000000008
138.9705882	80	0.4411764999999832
139.4117647	87	0.6617647000000204
139.4117647	72	0.6617647000000204
139.4117647	68	0.6617647000000204
139.4117647	77	0.6617647000000204
139.4117647	41	0.6617647000000204
139.4117647	48	0.6617647000000204
139.4117647	53	0.6617647000000204
140.0735294	84	0.661764699999992
140.0735294	77	0.661764699999992
140.0735294	68	0.661764699999992
140.0735294	72	0.661764699999992
140.0735294	48	0.661764699999992
140.0735294	41	0.661764699999992
140.0735294	53	0.661764699999992
140.7352941	80	1.7647058999999956
140.7352941	68	1.323529399999984
140.7352941	72	1.323529399999984
140.7352941	77	1.323529399999984
140.7352941	49	1.323529399999984
140.7352941	44	1.323529399999984
140.7352941	37	1.323529399999984
142.0588235	68	0.8823530000000233
142.0588235	72	0.8823530000000233
142.0588235	77	0.8823530000000233
142.0588235	49	0.8823530000000233
142.0588235	37	0.8823530000000233
142.0588235	44	0.8823530000000233
142.5	80	0.22058820000000878
142.7205882	80	0.22058830000000285
142.9411765	79	0.44117639999998914
142.9411765	72	1.323529399999984
142.9411765	75	0.661764699999992
142.9411765	48	1.323529399999984
142.9411765	43	1.323529399999984
142.9411765	36	1.323529399999984
143.6029412	75	0.661764699999992
144.2647059	75	1.3235294000000124
144.2647059	78	1.3235294000000124
144.2647059	71	1.3235294000000124
144.2647059	42	1.3235294000000124
144.2647059	35	1.3235294000000124
144.2647059	47	1.3235294000000124
145.5882353	68	0.22058819999998036
145.5882353	47	0.22058819999998036
145.5882353	35	0.22058819999998036
145.5882353	42	0.22058819999998036
145.8088235	70	0.22058830000000285
145.8088235	35	0.22058830000000285
145.8088235	47	0.22058830000000285
145.8088235	42	0.22058830000000285
146.0294118	71	0.22058820000000878
146.0294118	35	0.22058820000000878
146.0294118	42	0.22058820000000878
146.0294118	47	0.22058820000000878
146.25	72	0.22058820000000878
146.25	35	0.22058820000000878
146.25	42	0.22058820000000878
146.25	47	0.22058820000000878
146.4705882	73	0.22058830000000285
146.4705882	49	1.7647058999999956
146.4705882	37	1.7647058999999956
146.4705882	44	1.7647058999999956
146.6911765	66	0.22058819999998036
146.9117647	68	0.22058820000000878
147.1323529	66	0.22058830000000285
147.3529412	71	0.22058820000000878
147.5735294	70	0.22058819999998036
147.7941176	68	0.22058830000000285
148.0147059	66	0.22058820000000878
148.2352941	64	0.22058830000000285
148.2352941	49	1.7647058999999956
148.2352941	44	1.7647058999999956
148.2352941	37	1.7647058999999956
148.4558824	66	0.22058819999998036
148.6764706	68	0.22058820000000878
148.8970588	65	0.22058830000000285
149.1176471	66	0.22058820000000878
149.3382353	68	0.22058819999998036
149.5588235	59	0.22058830000000285
149.7794118	60	0.22058820000000878
150.0	73	0.11029410000000439
150.0	44	1.7647058999999956
150.0	37	1.7647058999999956
150.0	49	1.7647058999999956
150.1102941	66	0.11029410000000439
150.2205882	68	0.11029419999999845
150.3308824	66	0.11029410000000439
150.4411765	71	0.11029409999997597
150.5514706	70	0.11029410000000439
150.6617647	68	0.11029410000000439
150.7720588	66	0.11029410000000439
150.8823529	64	0.11029419999999845
150.9926471	66	0.11029410000000439
151.1029412	68	0.11029410000000439
151.2132353	65	0.11029410000000439
151.3235294	66	0.11029409999997597
151.4338235	68	0.11029410000000439
151.5441176	59	0.11029419999999845
151.6544118	60	0.11029410000000439
151.7647059	61	0.11029410000000439
151.7647059	37	1.7647058999999956
151.7647059	44	1.7647058999999956
151.7647059	49	1.7647058999999956
151.875	66	0.11029410000000439
151.9852941	68	0.11029410000000439
152.0955882	66	0.11029419999999845
152.2058824	71	0.11029410000000439
152.3161765	70	0.11029409999997597
152.4264706	68	0.11029410000000439
152.5367647	66	0.11029410000000439
152.6470588	64	0.11029410000000439
152.7573529	66	0.11029419999999845
152.8676471	68	0.11029410000000439
152.9779412	65	0.11029410000000439
153.0882353	66	0.11029410000000439
153.1985294	68	0.11029409999997597
153.3088235	71	0.11029410000000439
153.4191176	72	0.11029419999999845
153.5294118	73	0.22058820000000878
153.5294118	37	0.6617647000000204
153.5294118	49	0.6617647000000204
153.5294118	44	0.6617647000000204
153.75	61	0.22058820000000878
153.75	56	0.22058820000000878
153.75	65	0.22058820000000878
153.9705882	73	0.22058830000000285
153.9705882	65	0.22058830000000285
153.9705882	56	0.22058830000000285
153.9705882	61	0.22058830000000285
154.1911765	72	0.44117639999998914
154.1911765	61	0.22058819999998036
154.1911765	56	0.22058819999998036
154.1911765	65	0.22058819999998036
154.1911765	37	0.661764699999992
154.1911765	49	0.661764699999992
154.1911765	44	0.661764699999992
154.4117647	56	0.22058820000000878
154.4117647	65	0.22058820000000878
154.4117647	61	0.22058820000000878
154.6323529	73	0.44117650000001163
154.6323529	65	0.22058830000000285
154.6323529	56	0.22058830000000285
154.6323529	61	0.22058830000000285
154.8529412	56	0.22058820000000878
154.8529412	65	0.22058820000000878
154.8529412	61	0.22058820000000878
154.8529412	49	0.44117639999998914
154.8529412	37	0.44117639999998914
154.8529412	44	0.44117639999998914
155.0735294	75	0.4411764999999832
155.0735294	61	0.22058819999998036
155.0735294	65	0.22058819999998036
155.0735294	56	0.22058819999998036
155.2941176	61	0.22058830000000285
155.2941176	56	0.22058830000000285
155.2941176	65	0.22058830000000285
155.2941176	49	0.6617648000000145
155.2941176	37	0.6617648000000145
155.2941176	44	0.6617648000000145
155.5147059	77	0.44117650000001163
155.5147059	65	0.22058820000000878
155.5147059	61	0.22058820000000878
155.5147059	56	0.22058820000000878
155.7352941	56	0.22058830000000285
155.7352941	65	0.22058830000000285
155.7352941	61	0.22058830000000285
155.9558824	78	0.44117639999998914
155.9558824	56	0.22058819999998036
155.9558824	61	0.22058819999998036
155.9558824	65	0.22058819999998036
155.9558824	49	0.661764699999992
155.9558824	37	0.661764699999992
155.9558824	44	0.661764699999992
156.1764706	61	0.22058820000000878
156.1764706	65	0.22058820000000878
156.1764706	56	0.22058820000000878
156.3970588	80	0.44117650000001163
156.3970588	61	0.22058830000000285
156.3970588	65	0.22058830000000285
156.3970588	56	0.22058830000000285
156.6176471	65	0.22058820000000878
156.6176471	61	0.22058820000000878
156.6176471	56	0.22058820000000878
156.6176471	49	0.44117639999998914
156.6176471	44	0.44117639999998914
156.6176471	37	0.44117639999998914
156.8382353	83	0.4411764999999832
156.8382353	65	0.22058819999998036
156.8382353	61	0.22058819999998036
156.8382353	56	0.22058819999998036
157.0588235	61	0.22058830000000285
157.0588235	56	0.22058830000000285
157.0588235	65	0.22058830000000285
157.0588235	49	0.6617647000000204
157.0588235	44	0.6617647000000204
157.0588235	37	0.6617647000000204
157.2794118	82	0.44117640000001757
157.2794118	65	0.22058820000000878
157.2794118	61	0.22058820000000878
157.2794118	56	0.22058820000000878
157.5	56	0.22058820000000878
157.5	61	0.22058820000000878
157.5	65	0.22058820000000878
157.7205882	80	0.4411764999999832
157.7205882	61	0.22058830000000285
157.7205882	65	0.22058830000000285
157.7205882	56	0.22058830000000285
157.7205882	37	0.661764699999992
157.7205882	44	0.661764699999992
157.7205882	49	0.661764699999992
157.9411765	56	0.22058819999998036
157.9411765	61	0.22058819999998036
157.9411765	65	0.22058819999998036
158.1617647	78	0.44117650000001163
158.1617647	56	0.22058820000000878
158.1617647	61	0.22058820000000878
158.1617647	65	0.22058820000000878
158.3823529	65	0.22058830000000285
158.3823529	61	0.22058830000000285
158.3823529	56	0.22058830000000285
158.3823529	44	0.44117650000001163
158.3823529	37	0.44117650000001163
158.3823529	49	0.44117650000001163
158.6029412	80	2.4264705999999876
158.6029412	59	0.44117639999998914
158.8235294	44	0.661764699999992
158.8235294	49	0.661764699999992
158.8235294	37	0.661764699999992
159.0441176	60	0.44117650000001163
159.4852941	61	1.1029412000000036
159.4852941	37	0.661764699999992
159.4852941	49	0.661764699999992
159.4852941	44	0.661764699999992
160.1470588	37	0.44117650000001163
160.1470588	44	0.44117650000001163
160.1470588	49	0.44117650000001163
160.5882353	61	0.22058819999998036
160.5882353	65	0.22058819999998036
160.5882353	56	0.22058819999998036
160.5882353	44	0.661764699999992
160.5882353	37	0.661764699999992
160.5882353	49	0.661764699999992
160.8088235	61	0.22058830000000285
160.8088235	56	0.22058830000000285
160.8088235	65	0.22058830000000285
161.0294118	73	0.22058820000000878
161.0294118	61	0.22058820000000878
161.0294118	65	0.22058820000000878
161.0294118	56	0.22058820000000878
161.25	72	0.44117650000001163
161.25	56	0.22058820000000878
161.25	61	0.22058820000000878
161.25	65	0.22058820000000878
161.25	49	0.661764699999992
161.25	44	0.661764699999992
161.25	37	0.661764699999992
161.4705882	65	0.22058830000000285
161.4705882	56	0.22058830000000285
161.4705882	61	0.22058830000000285
161.6911765	73	0.44117639999998914
161.6911765	56	0.22058819999998036
161.6911765	61	0.22058819999998036
161.6911765	65	0.22058819999998036
161.9117647	65	0.22058820000000878
161.9117647	56	0.22058820000000878
161.9117647	61	0.22058820000000878
161.9117647	44	0.44117650000001163
161.9117647	49	0.44117650000001163
161.9117647	37	0.44117650000001163
162.1323529	75	0.44117650000001163
162.1323529	65	0.22058830000000285
162.1323529	61	0.22058830000000285
162.1323529	56	0.22058830000000285
162.3529412	61	0.22058820000000878
162.3529412	56	0.22058820000000878
162.3529412	65	0.22058820000000878
162.3529412	37	0.661764699999992
162.3529412	44	0.661764699999992
162.3529412	49	0.661764699999992
162.5735294	77	0.4411764999999832
162.5735294	61	0.22058819999998036
162.5735294	56	0.22058819999998036
162.5735294	65	0.22058819999998036
162.7941176	56	0.22058830000000285
162.7941176	65	0.22058830000000285
162.7941176	61	0.22058830000000285
163.0147059	78	0.44117650000001163
163.0147059	65	0.22058820000000878
163.0147059	56	0.22058820000000878
163.0147059	61	0.22058820000000878
163.0147059	37	0.661764699999992
163.0147059	49	0.661764699999992
163.0147059	44	0.661764699999992
163.2352941	65	0.22058830000000285
163.2352941	56	0.22058830000000285
163.2352941	61	0.22058830000000285
163.4558824	80	0.44117639999998914
163.4558824	65	0.22058819999998036
163.4558824	56	0.22058819999998036
163.4558824	61	0.22058819999998036
163.6764706	56	0.22058820000000878
163.6764706	65	0.22058820000000878
163.6764706	61	0.22058820000000878
163.6764706	44	0.44117650000001163
163.6764706	49	0.44117650000001163
163.6764706	37	0.44117650000001163
163.8970588	83	0.44117650000001163
163.8970588	56	0.22058830000000285
163.8970588	65	0.22058830000000285
163.8970588	61	0.22058830000000285
164.1176471	65	0.22058820000000878
164.1176471	61	0.22058820000000878
164.1176471	56	0.22058820000000878
164.1176471	44	0.661764699999992
164.1176471	37	0.661764699999992
164.1176471	49	0.661764699999992
164.3382353	82	0.4411764999999832
164.3382353	61	0.22058819999998036
164.3382353	65	0.22058819999998036
164.3382353	56	0.22058819999998036
164.5588235	65	0.22058830000000285
164.5588235	61	0.22058830000000285
164.5588235	56	0.22058830000000285
164.7794118	80	0.44117640000001757
164.7794118	61	0.22058820000000878
164.7794118	65	0.22058820000000878
164.7794118	56	0.22058820000000878
164.7794118	37	0.6617647000000204
164.7794118	49	0.6617647000000204
164.7794118	44	0.6617647000000204
165.0	65	0.22058820000000878
165.0	56	0.22058820000000878
165.0	61	0.22058820000000878
165.2205882	79	0.4411764999999832
165.2205882	56	0.22058830000000285
165.2205882	65	0.22058830000000285
165.2205882	61	0.22058830000000285
165.4411765	61	0.22058819999998036
165.4411765	56	0.22058819999998036
165.4411765	65	0.22058819999998036
165.4411765	44	0.44117639999998914
165.4411765	49	0.44117639999998914
165.4411765	37	0.44117639999998914
165.6617647	83	0.44117650000001163
165.6617647	59	0.44117650000001163
165.8823529	49	0.661764699999992
165.8823529	44	0.661764699999992
165.8823529	37	0.661764699999992
166.1029412	82	0.44117639999998914
166.1029412	60	0.44117639999998914
166.5441176	82	0.22058830000000285
166.5441176	61	1.1029412000000036
166.5441176	49	0.6617648000000145
166.5441176	37	0.6617648000000145
166.5441176	44	0.6617648000000145
166.7647059	80	1.3235294000000124
167.2058824	44	0.44117639999998914
167.2058824	37	0.44117639999998914
167.2058824	49	0.44117639999998914
167.6470588	58	0.22058830000000285
167.6470588	63	0.22058830000000285
167.6470588	67	0.22058830000000285
167.6470588	46	0.661764699999992
167.6470588	51	0.661764699999992
167.6470588	39	0.661764699999992
167.8676471	63	0.22058820000000878
167.8676471	67	0.22058820000000878
167.8676471	58	0.22058820000000878
168.0882353	75	0.22058819999998036
168.0882353	63	0.22058819999998036
168.0882353	58	0.22058819999998036
168.0882353	67	0.22058819999998036
168.3088235	74	0.44117650000001163
168.3088235	58	0.22058830000000285
168.3088235	63	0.22058830000000285
168.3088235	67	0.22058830000000285
168.3088235	39	0.6617647000000204
168.3088235	51	0.6617647000000204
168.3088235	46	0.6617647000000204
168.5294118	58	0.22058820000000878
168.5294118	63	0.22058820000000878
168.5294118	67	0.22058820000000878
168.75	75	0.44117650000001163
168.75	58	0.22058820000000878
168.75	67	0.22058820000000878
168.75	63	0.22058820000000878
168.9705882	67	0.22058830000000285
168.9705882	58	0.22058830000000285
168.9705882	63	0.22058830000000285
168.9705882	51	0.4411764999999832
168.9705882	39	0.4411764999999832
168.9705882	46	0.4411764999999832
169.1911765	77	0.44117639999998914
169.1911765	63	0.22058819999998036
169.1911765	58	0.22058819999998036
169.1911765	67	0.22058819999998036
169.4117647	63	0.22058820000000878
169.4117647	58	0.22058820000000878
169.4117647	67	0.22058820000000878
169.4117647	51	0.6617647000000204
169.4117647	46	0.6617647000000204
169.4117647	39	0.6617647000000204
169.6323529	79	0.44117650000001163
169.6323529	67	0.22058830000000285
169.6323529	58	0.22058830000000285
169.6323529	63	0.22058830000000285
169.8529412	63	0.22058820000000878
169.8529412	58	0.22058820000000878
169.8529412	67	0.22058820000000878
170.0735294	80	0.4411764999999832
170.0735294	63	0.22058819999998036
170.0735294	58	0.22058819999998036
170.0735294	67	0.22058819999998036
170.0735294	39	0.661764699999992
170.0735294	51	0.661764699999992
170.0735294	46	0.661764699999992
170.2941176	67	0.22058830000000285
170.2941176	58	0.22058830000000285
170.2941176	63	0.22058830000000285
170.5147059	82	0.44117650000001163
170.5147059	67	0.22058820000000878
170.5147059	58	0.22058820000000878
170.5147059	63	0.22058820000000878
170.7352941	67	0.22058830000000285
170.7352941	63	0.22058830000000285
170.7352941	58	0.22058830000000285
170.7352941	46	0.4411764999999832
170.7352941	51	0.4411764999999832
170.7352941	39	0.4411764999999832
170.9558824	85	0.44117639999998914
170.9558824	58	0.22058819999998036
170.9558824	63	0.22058819999998036
170.9558824	67	0.22058819999998036
171.1764706	63	0.22058820000000878
171.1764706	58	0.22058820000000878
171.1764706	67	0.22058820000000878
171.1764706	51	0.6617647000000204
171.1764706	46	0.6617647000000204
171.1764706	39	0.6617647000000204
171.3970588	84	0.44117650000001163
171.3970588	67	0.22058830000000285
171.3970588	63	0.22058830000000285
171.3970588	58	0.22058830000000285
171.6176471	67	0.22058820000000878
171.6176471	58	0.22058820000000878
171.6176471	63	0.22058820000000878
171.8382353	82	0.4411764999999832
171.8382353	67	0.22058819999998036
171.8382353	63	0.22058819999998036
171.8382353	58	0.22058819999998036
171.8382353	39	0.661764699999992
171.8382353	51	0.661764699999992
171.8382353	46	0.661764699999992
172.0588235	67	0.22058830000000285
172.0588235	58	0.22058830000000285
172.0588235	63	0.22058830000000285
172.2794118	80	0.44117640000001757
172.2794118	58	0.22058820000000878
172.2794118	63	0.22058820000000878
172.2794118	67	0.22058820000000878
172.5	63	0.22058820000000878
172.5	58	0.22058820000000878
172.5	67	0.22058820000000878
172.5	51	0.44117650000001163
172.5	46	0.44117650000001163
172.5	39	0.44117650000001163
172.7205882	82	2.4264705999999876
172.7205882	61	0.4411764999999832
172.9411765	46	0.661764699999992
172.9411765	51	0.661764699999992
172.9411765	39	0.661764699999992
173.1617647	62	0.22058820000000878
173.3823529	61	0.22058830000000285
173.6029412	63	1.1029412000000036
173.6029412	46	0.661764699999992
173.6029412	39	0.661764699999992
173.6029412	51	0.661764699999992
174.2647059	39	0.44117650000001163
174.2647059	51	0.44117650000001163
174.2647059	46	0.44117650000001163
174.7058824	68	1.5441175999999928
174.7058824	72	1.5441175999999928
174.7058824	65	1.5441175999999928
174.7058824	53	1.5441175999999928
174.7058824	48	1.5441175999999928
174.7058824	41	1.5441175999999928
175.1470588	84	0.22058830000000285
175.3676471	84	0.44117639999998914
175.8088235	84	0.44117650000001163
176.25	84	0.661764699999992
176.25	60	1.9852941000000044
176.25	68	1.9852941000000044
176.25	65	1.9852941000000044
176.25	37	1.9852941000000044
176.25	44	1.9852941000000044
176.25	49	1.9852941000000044
176.9117647	80	0.22058820000000878
177.1323529	80	0.8823529999999948
178.0147059	80	0.22058820000000878
178.2352941	82	0.4411764999999832
178.2352941	70	0.4411764999999832
178.2352941	63	0.4411764999999832
178.2352941	67	0.4411764999999832
178.2352941	51	0.4411764999999832
178.2352941	39	0.4411764999999832
178.2352941	46	0.4411764999999832
178.6764706	80	0.22058820000000878
178.6764706	63	0.44117650000001163
178.6764706	67	0.44117650000001163
178.6764706	70	0.44117650000001163
178.6764706	51	0.44117650000001163
178.6764706	39	0.44117650000001163
178.6764706	46	0.44117650000001163
178.8970588	82	0.44117650000001163
179.1176471	67	0.44117639999998914
179.1176471	63	0.44117639999998914
179.1176471	70	0.44117639999998914
179.1176471	39	0.44117639999998914
179.1176471	51	0.44117639999998914
179.1176471	46	0.44117639999998914
179.3382353	84	0.4411764999999832
179.5588235	67	0.44117650000001163
179.5588235	63	0.44117650000001163
179.5588235	70	0.44117650000001163
179.5588235	39	0.44117650000001163
179.5588235	51	0.44117650000001163
179.5588235	46	0.44117650000001163
179.7794118	85	3.088235300000008
180.0	73	0.44117650000001163
180.0	70	0.44117650000001163
180.0	65	0.44117650000001163
180.0	46	0.44117650000001163
180.0	41	0.44117650000001163
180.0	34	0.44117650000001163
180.4411765	70	0.44117639999998914
180.4411765	65	0.44117639999998914
180.4411765	73	0.44117639999998914
180.4411765	34	0.44117639999998914
180.4411765	41	0.44117639999998914
180.4411765	46	0.44117639999998914
180.8823529	73	0.44117650000001163
180.8823529	70	0.44117650000001163
180.8823529	65	0.44117650000001163
180.8823529	41	0.44117650000001163
180.8823529	34	0.44117650000001163
180.8823529	46	0.44117650000001163
181.3235294	65	0.4411764999999832
181.3235294	70	0.4411764999999832
181.3235294	73	0.4411764999999832
181.3235294	34	0.4411764999999832
181.3235294	46	0.4411764999999832
181.3235294	41	0.4411764999999832
181.7647059	68	0.22058820000000878
181.7647059	73	0.22058820000000878
181.7647059	65	0.22058820000000878
181.7647059	44	0.22058820000000878
181.7647059	37	0.22058820000000878
181.7647059	49	0.22058820000000878
181.9852941	68	0.22058830000000285
181.9852941	73	0.22058830000000285
181.9852941	65	0.22058830000000285
181.9852941	49	0.22058830000000285
181.9852941	44	0.22058830000000285
181.9852941	37	0.22058830000000285
182.2058824	65	0.22058819999998036
182.2058824	73	0.22058819999998036
182.2058824	68	0.22058819999998036
182.2058824	37	0.22058819999998036
182.2058824	49	0.22058819999998036
182.2058824	44	0.22058819999998036
182.4264706	73	0.22058820000000878
182.4264706	65	0.22058820000000878
182.4264706	68	0.22058820000000878
182.4264706	44	0.22058820000000878
182.4264706	49	0.22058820000000878
182.4264706	37	0.22058820000000878
182.6470588	65	0.8823529999999948
182.6470588	68	0.8823529999999948
182.6470588	73	0.8823529999999948
182.6470588	37	0.8823529999999948
182.6470588	49	0.8823529999999948
182.6470588	44	0.8823529999999948
182.8676471	85	0.22058820000000878
183.0882353	85	0.22058819999998036
183.3088235	85	0.22058830000000285
183.5294118	84	0.8823529000000008
183.5294118	72	0.8823529000000008
183.5294118	75	0.8823529000000008
183.5294118	80	0.8823529000000008
183.5294118	44	0.8823529000000008
183.5294118	56	0.8823529000000008
183.5294118	51	0.8823529000000008
184.4117647	68	0.8823529000000008
184.4117647	60	0.8823529000000008
184.4117647	63	0.8823529000000008
184.4117647	51	0.6617647000000204
184.4117647	56	0.6617647000000204
184.4117647	44	0.6617647000000204
184.6323529	75	0.22058830000000285
184.8529412	75	0.22058820000000878
185.0735294	82	1.1029411999999752
185.0735294	44	0.22058819999998036
185.2941176	70	0.8823529999999948
185.2941176	75	0.8823529999999948
185.2941176	79	0.8823529999999948
185.2941176	51	0.8823529999999948
185.2941176	46	0.8823529999999948
185.2941176	39	0.8823529999999948
186.1764706	67	0.8823529000000008
186.1764706	58	0.8823529000000008
186.1764706	63	0.8823529000000008
186.1764706	39	0.6617647000000204
186.1764706	46	0.6617647000000204
186.1764706	51	0.6617647000000204
186.3970588	80	0.22058830000000285
186.6176471	77	0.22058820000000878
186.8382353	77	0.4411764999999832
186.8382353	39	0.22058819999998036
187.0588235	80	0.8823530000000233
187.0588235	68	0.8823530000000233
187.0588235	72	0.8823530000000233
187.0588235	41	0.8823530000000233
187.0588235	53	0.8823530000000233
187.0588235	48	0.8823530000000233
187.2794118	77	0.22058820000000878
187.5	77	0.22058820000000878
187.7205882	77	0.22058830000000285
187.9411765	60	0.8823529000000008
187.9411765	68	0.8823529000000008
187.9411765	65	0.8823529000000008
187.9411765	41	0.44117639999998914
187.9411765	48	0.44117639999998914
187.9411765	53	0.44117639999998914
188.1617647	79	0.44117650000001163
188.3823529	39	0.44117650000001163
188.6029412	80	0.44117639999998914
188.8235294	63	1.7647058999999956
188.8235294	37	0.8823529999999948
188.8235294	49	0.8823529999999948
188.8235294	44	0.8823529999999948
189.0441176	82	0.22058830000000285
189.2647059	80	0.661764699999992
189.7058824	37	0.8823529000000008
189.7058824	49	0.8823529000000008
189.7058824	44	0.8823529000000008
189.9264706	77	0.22058820000000878
190.1470588	79	0.22058830000000285
190.3676471	80	1.1029411000000096
190.5882353	72	0.8823529000000008
190.5882353	75	0.8823529000000008
190.5882353	68	0.8823529000000008
190.5882353	56	0.8823529000000008
190.5882353	51	0.8823529000000008
190.5882353	44	0.8823529000000008
191.4705882	60	0.8823529999999948
191.4705882	63	0.8823529999999948
191.4705882	68	0.8823529999999948
191.4705882	51	0.661764699999992
191.4705882	56	0.661764699999992
191.4705882	44	0.661764699999992
191.6911765	75	0.22058819999998036
191.9117647	84	0.22058820000000878
192.1323529	84	0.22058830000000285
192.1323529	44	0.22058830000000285
192.3529412	82	0.8823529000000008
192.3529412	79	0.8823529000000008
192.3529412	70	0.8823529000000008
192.3529412	46	0.8823529000000008
192.3529412	39	0.8823529000000008
192.3529412	51	0.8823529000000008
193.2352941	67	0.8823529999999948
193.2352941	58	0.8823529999999948
193.2352941	63	0.8823529999999948
193.2352941	46	0.661764699999992
193.2352941	51	0.661764699999992
193.2352941	39	0.661764699999992
193.6764706	80	0.22058820000000878
193.8970588	84	0.44117650000001163
193.8970588	39	0.22058830000000285
194.1176471	77	0.8823529000000008
194.1176471	72	0.8823529000000008
194.1176471	68	0.8823529000000008
194.1176471	65	0.8823529000000008
194.1176471	41	0.8823529000000008
194.1176471	53	0.8823529000000008
194.1176471	48	0.8823529000000008
194.3382353	84	0.4411764999999832
194.7794118	85	0.44117640000001757
195.0	65	0.8823529000000008
195.0	68	0.8823529000000008
195.0	60	0.8823529000000008
195.0	53	0.44117650000001163
195.0	41	0.44117650000001163
195.0	48	0.44117650000001163
195.2205882	84	0.22058830000000285
195.4411765	82	0.22058819999998036
195.4411765	39	0.44117639999998914
195.6617647	80	0.22058820000000878
195.8823529	82	0.22058830000000285
195.8823529	65	0.8823529999999948
195.8823529	68	0.8823529999999948
195.8823529	73	0.8823529999999948
195.8823529	77	0.8823529999999948
195.8823529	37	0.8823529999999948
195.8823529	44	0.8823529999999948
195.8823529	49	0.8823529999999948
196.1029412	80	1.5441175999999928
196.7647059	61	0.8823529000000008
196.7647059	68	0.8823529000000008
196.7647059	65	0.8823529000000008
196.7647059	37	0.8823529000000008
196.7647059	49	0.8823529000000008
196.7647059	44	0.8823529000000008
197.6470588	87	0.661764699999992
197.6470588	75	0.661764699999992
197.6470588	68	0.661764699999992
197.6470588	80	0.661764699999992
197.6470588	72	0.661764699999992
197.6470588	56	0.661764699999992
197.6470588	51	0.661764699999992
197.6470588	44	0.661764699999992
198.3088235	84	0.6617647000000204
198.3088235	68	0.6617647000000204
198.3088235	75	0.6617647000000204
198.3088235	80	0.6617647000000204
198.3088235	72	0.6617647000000204
198.3088235	56	0.6617647000000204
198.3088235	44	0.6617647000000204
198.3088235	51	0.6617647000000204
198.9705882	82	1.323529399999984
198.9705882	67	1.323529399999984
198.9705882	75	1.323529399999984
198.9705882	79	1.323529399999984
198.9705882	70	1.323529399999984
198.9705882	51	1.323529399999984
198.9705882	46	1.323529399999984
198.9705882	39	1.323529399999984
200.2941176	80	0.44117650000001163
200.2941176	67	0.8823529999999948
200.2941176	70	0.8823529999999948
200.2941176	75	0.8823529999999948
200.2941176	79	0.8823529999999948
200.2941176	46	0.8823529999999948
200.2941176	39	0.8823529999999948
200.2941176	51	0.8823529999999948
200.7352941	80	0.4411764999999832
201.1764706	87	0.6617647000000204
201.1764706	72	0.6617647000000204
201.1764706	77	0.6617647000000204
201.1764706	65	0.6617647000000204
201.1764706	68	0.6617647000000204
201.1764706	41	0.6617647000000204
201.1764706	48	0.6617647000000204
201.1764706	53	0.6617647000000204
201.8382353	84	0.661764699999992
201.8382353	68	0.661764699999992
201.8382353	72	0.661764699999992
201.8382353	65	0.661764699999992
201.8382353	77	0.661764699999992
201.8382353	48	0.661764699999992
201.8382353	53	0.661764699999992
201.8382353	41	0.661764699999992
202.5	85	0.22058820000000878
202.5	77	0.8823529000000008
202.5	65	0.8823529000000008
202.5	68	0.8823529000000008
202.5	73	0.8823529000000008
202.5	44	1.3235294000000124
202.5	37	1.3235294000000124
202.5	49	1.3235294000000124
202.7205882	84	0.4411764999999832
203.1617647	82	0.22058820000000878
203.3823529	80	1.7647058999999956
203.3823529	65	0.44117650000001163
203.3823529	68	0.44117650000001163
203.3823529	73	0.44117650000001163
203.3823529	77	0.44117650000001163
203.8235294	68	0.4411764999999832
203.8235294	73	0.4411764999999832
203.8235294	65	0.4411764999999832
203.8235294	77	0.4411764999999832
203.8235294	49	0.8823529999999948
203.8235294	44	0.8823529999999948
203.8235294	37	0.8823529999999948
204.2647059	65	0.22058820000000878
204.2647059	68	0.22058820000000878
204.2647059	73	0.22058820000000878
204.2647059	77	0.22058820000000878
204.4852941	79	0.22058830000000285
204.7058824	68	0.44117639999998914
204.7058824	73	0.44117639999998914
204.7058824	76	0.44117639999998914
204.7058824	44	0.8823529000000008
204.7058824	49	0.8823529000000008
204.7058824	37	0.8823529000000008
205.1470588	80	0.22058830000000285
205.3676471	82	0.22058820000000878
205.5882353	83	0.22058819999998036
205.5882353	44	0.8823529000000008
205.5882353	49	0.8823529000000008
205.5882353	37	0.8823529000000008
205.8088235	82	0.22058830000000285
206.0294118	80	0.22058820000000878
206.0294118	83	0.22058820000000878
206.25	80	0.22058820000000878
206.25	85	0.22058820000000878
206.4705882	84	0.661764699999992
206.4705882	75	0.661764699999992
206.4705882	87	0.661764699999992
206.4705882	79	0.661764699999992
206.4705882	43	0.661764699999992
206.4705882	36	0.661764699999992
206.4705882	48	0.661764699999992
207.1323529	80	0.661764699999992
207.1323529	84	0.661764699999992
207.1323529	75	0.661764699999992
207.1323529	79	0.661764699999992
207.1323529	36	0.661764699999992
207.1323529	43	0.661764699999992
207.1323529	48	0.661764699999992
207.7941176	87	3.75
207.7941176	66	1.7647058999999956
207.7941176	78	1.7647058999999956
207.7941176	71	1.7647058999999956
207.7941176	75	1.7647058999999956
207.7941176	42	0.44117650000001163
207.7941176	47	0.44117650000001163
207.7941176	35	0.44117650000001163
208.2352941	42	0.8823529999999948
208.2352941	35	0.8823529999999948
208.2352941	47	0.8823529999999948
209.1176471	42	0.8823529000000008
209.1176471	47	0.8823529000000008
209.1176471	35	0.8823529000000008
209.5588235	66	0.44117650000001163
209.5588235	63	0.44117650000001163
209.5588235	71	0.44117650000001163
210.0	71	0.44117650000001163
210.0	66	0.44117650000001163
210.0	63	0.44117650000001163
210.0	47	0.44117650000001163
210.0	35	0.44117650000001163
210.0	42	0.44117650000001163
210.4411765	71	0.44117639999998914
210.4411765	75	0.44117639999998914
210.4411765	78	0.44117639999998914
210.4411765	47	0.44117639999998914
210.4411765	35	0.44117639999998914
210.4411765	42	0.44117639999998914
210.8823529	83	0.22058830000000285
210.8823529	78	0.22058830000000285
210.8823529	75	0.22058830000000285
210.8823529	71	0.22058830000000285
210.8823529	47	0.22058830000000285
210.8823529	42	0.22058830000000285
210.8823529	35	0.22058830000000285
211.1029412	83	0.22058820000000878
211.1029412	71	0.22058820000000878
211.1029412	78	0.22058820000000878
211.1029412	75	0.22058820000000878
211.1029412	42	0.22058820000000878
211.1029412	35	0.22058820000000878
211.1029412	47	0.22058820000000878
211.3235294	78	0.4411764999999832
211.3235294	75	0.4411764999999832
211.3235294	71	0.4411764999999832
211.3235294	83	0.4411764999999832
211.3235294	47	0.4411764999999832
211.3235294	42	0.4411764999999832
211.3235294	35	0.4411764999999832
211.5441176	72	0.22058830000000285
211.7647059	73	0.44117650000001163
211.7647059	56	3.529411699999997
211.7647059	51	3.529411699999997
211.7647059	61	3.529411699999997
211.7647059	37	4.235294100000004
211.7647059	44	4.235294100000004
212.2058824	73	0.22058819999998036
212.4264706	72	0.22058820000000878
212.6470588	73	0.22058830000000285
212.8676471	72	0.22058820000000878
213.0882353	73	0.22058819999998036
213.3088235	73	0.22058830000000285
213.5294118	72	0.22058820000000878
213.75	68	2.25
215.2941176	89	3.7058824000000072
215.2941176	77	3.7058824000000072
