0.0	69	3.0
0.0	65	3.0
0.0	74	3.0
3.0	65	0.25
3.0	69	0.25
3.0	74	0.25
3.25	68	0.25
3.25	64	0.25
3.25	73	0.25
3.5	63	0.25
3.5	67	0.25
3.5	72	0.25
3.75	66	0.25
3.75	63	0.25
3.75	71	0.25
4.0	65	2.0
4.0	62	2.0
4.0	70	2.0
8.0	69	3.0
8.0	65	3.0
8.0	74	3.0
11.0	69	0.25
11.0	65	0.25
11.0	74	0.25
11.25	68	0.25
11.25	64	0.25
11.25	73	0.25
11.5	63	0.25
11.5	67	0.25
11.5	72	0.25
11.75	66	0.25
11.75	63	0.25
11.75	71	0.25
12.0	65	2.0
12.0	62	2.0
12.0	70	2.0
14.0	63	0.25
14.0	60	0.25
14.0	68	0.25
14.25	65	0.25
14.25	62	0.25
14.25	70	0.25
15.0	65	0.25
15.0	62	0.25
15.0	70	0.25
15.25	66	0.25
15.25	63	0.25
15.25	71	0.25
15.5	64	0.25
15.5	67	0.25
15.5	72	0.25
15.75	68	0.25
15.75	64	0.25
15.75	73	0.25
16.0	69	2.5
16.0	65	2.5
16.0	74	2.5100000000000016
18.5	65	0.5
18.5	69	0.5
19.0	65	1.0
19.0	74	0.5
19.5	69	0.5
20.0	67	1.0
20.0	62	1.0
20.0	72	0.75
20.75	70	0.25
21.0	67	1.5
21.0	62	1.0
21.0	70	1.5
22.0	64	1.0
22.5	67	0.5
23.0	64	1.0
23.0	72	0.75
23.75	67	0.25
24.0	65	1.75
24.0	62	1.75
24.0	69	1.5
25.75	55	0.25
25.75	60	0.25
26.0	57	0.5
26.0	62	0.5
26.5	65	0.5
26.5	69	0.5
27.0	65	1.0
27.0	74	0.5
27.5	69	0.5
28.0	67	1.0
28.0	62	1.0
28.0	72	0.75
28.75	70	0.25
29.0	67	1.5
29.0	70	1.5
29.5	62	0.5
30.0	64	1.0
30.5	67	0.5
31.0	64	1.0
31.0	72	0.75
31.75	67	0.25
32.0	65	2.0
32.0	62	2.0
32.0	69	2.0
34.5	69	0.990000000000002
35.0	74	0.3329931999999971
35.5	77	0.3329931999999971
36.0	74	0.6560090700000032
36.0	70	0.6560090700000032
36.0	81	0.5
36.75	79	0.1670068000000029
37.0	74	0.9690022699999972
37.0	70	0.9690022699999972
37.0	79	1.4580045399999975
38.0	76	0.9690022699999972
38.0	72	0.9690022699999972
38.5	79	0.490000000000002
39.0	76	0.9690022699999972
39.0	72	0.9690022699999972
39.0	84	0.7290022700000023
39.75	79	0.240000000000002
40.0	77	2.969002269999997
40.0	74	2.969002269999997
40.0	81	2.969002269999997
43.5	77	0.5
43.5	74	0.5
43.5	81	0.5
44.0	81	2.167006800000003
44.0	77	2.167006800000003
44.0	74	2.167006800000003
44.0	86	2.167006800000003
46.25	84	0.25
46.5	82	0.25
46.75	81	0.25
47.0	79	0.25
47.25	77	0.25
47.5	76	0.25
47.75	74	0.25
48.0	67	2.5
48.0	64	2.5
48.0	73	2.5
50.5	67	0.5
50.5	64	0.5
50.5	61	0.5
50.5	70	0.5
51.0	61	1.0
51.0	64	1.0
51.0	67	1.0
51.0	70	0.75
51.75	69	0.25
52.0	69	3.0
52.0	65	3.0
52.0	74	3.0
55.0	69	0.25
55.0	65	0.25
55.0	74	0.25
55.25	68	0.25
55.25	64	0.25
55.25	73	0.25
55.5	63	0.25
55.5	67	0.25
55.5	72	0.25
55.75	63	0.25
55.75	66	0.25
55.75	71	0.25
56.0	65	1.322993199999999
56.0	62	1.322993199999999
56.0	70	1.322993199999999
58.0	63	0.1670068000000029
58.0	60	0.1670068000000029
58.0	68	0.1670068000000029
58.25	65	0.5
58.25	62	0.5
58.25	70	0.5
59.0	73	0.1670068000000029
59.25	72	0.1670068000000029
59.5	71	0.1670068000000029
59.75	70	0.1670068000000029
60.0	62	2.332993199999997
60.0	58	2.332993199999997
60.0	67	2.332993199999997
62.5	70	0.5
62.5	74	0.5
63.0	70	1.0
63.0	79	0.5
63.5	74	0.5
64.0	72	1.0
64.0	67	1.0
64.0	77	0.75
64.75	75	0.25
65.0	72	1.5
65.0	67	1.0
65.0	75	1.5
66.0	69	1.0
66.5	72	0.5
67.0	69	1.0
67.0	77	0.75
67.75	72	0.25
68.0	70	2.5
68.0	67	2.5
68.0	74	2.5
70.5	70	0.5
70.5	74	0.5
71.0	70	1.0
71.0	79	0.5
71.5	74	0.5
72.0	72	1.0
72.0	67	1.0
72.0	77	0.75
72.75	75	0.25
73.0	72	1.5
73.0	67	1.0
73.0	75	1.5
74.0	69	1.0
74.5	72	0.5
75.0	69	1.0
75.0	77	0.75
75.75	72	0.25
76.0	70	2.0
76.0	67	2.0
76.0	74	2.0
78.5	62	1.5
79.0	67	0.5
79.5	70	0.5
80.0	67	1.0
80.0	63	1.0
80.0	74	0.75
80.75	72	0.25
81.0	67	1.0
81.0	63	1.0
81.0	72	1.5
82.0	69	1.0
82.0	65	1.0
82.5	72	0.5
83.0	69	1.0
83.0	77	0.75
83.75	72	0.25
84.0	70	3.0
84.0	67	3.0
84.0	74	3.0
87.5	70	0.5
87.5	67	0.5
87.5	74	0.5
88.0	74	2.167006799999996
88.0	70	2.167006799999996
88.0	67	2.167006799999996
88.0	79	2.167006799999996
90.25	77	0.25
90.5	75	0.25
90.75	74	0.25
91.0	72	0.25
91.25	70	0.25
91.5	69	0.25
91.75	67	0.25
92.0	63	2.5
92.0	57	3.0
92.0	66	2.5
94.5	63	0.5
95.0	60	1.0
95.0	57	1.0
95.0	63	0.75
95.75	62	0.25
96.0	74	3.0
96.0	70	3.0
96.0	79	3.0
99.0	74	0.25
99.0	70	0.25
99.0	79	0.25
99.25	73	0.25
99.25	69	0.25
99.25	78	0.25
99.5	72	0.25
99.5	68	0.25
99.5	77	0.25
99.75	71	0.25
99.75	68	0.25
99.75	76	0.25
100.0	70	2.0
100.0	67	2.0
100.0	75	2.0
102.0	66	2.0
102.0	74	2.0
102.5	69	0.5
103.0	69	1.0
103.0	72	1.0
104.0	71	2.5
104.0	67	2.5
104.0	76	2.5
106.5	67	0.5
106.5	71	0.5
107.0	67	1.0
107.0	76	0.5
107.5	71	0.5
108.0	69	1.0
108.0	64	1.0
108.0	74	0.75
108.75	72	0.25
109.0	69	1.5
109.0	64	2.0
109.0	72	1.5
110.5	69	0.5
111.0	69	0.75
111.0	62	1.0
111.0	74	0.75
111.75	69	0.25
112.0	67	2.5
112.0	64	2.5
112.0	71	2.5
114.5	67	0.5
114.5	64	0.5
114.5	71	0.5
115.0	67	1.0
115.0	64	1.0
115.0	76	0.5
115.5	71	0.5
116.0	69	1.0
116.0	64	1.0
116.0	74	0.75
116.75	72	0.25
117.0	69	1.5
117.0	64	2.0
117.0	72	1.5
118.5	69	0.5
119.0	69	0.75
119.0	62	1.0
119.0	74	0.75
119.75	69	0.25
120.0	67	2.0
120.0	64	2.0
120.0	71	2.0
122.5	59	0.5
123.0	64	0.5
123.5	67	0.5
124.0	60	1.0
124.0	64	1.0
124.0	71	0.75
124.75	69	0.25
125.0	64	1.0
125.0	60	1.0
125.0	69	1.5
126.0	66	1.0
126.0	62	1.0
126.5	69	0.5
127.0	66	1.0
127.0	74	0.75
127.75	69	0.25
128.0	67	3.0
128.0	64	3.0
128.0	71	3.0
131.5	67	0.5
131.5	64	0.5
131.5	71	0.5
132.0	71	2.25
132.0	67	2.25
132.0	76	2.25
134.0	64	0.25
134.25	74	0.25
134.5	72	0.25
134.75	71	0.25
135.0	69	0.25
135.25	67	0.25
135.5	66	0.25
135.75	64	0.25
136.0	57	2.0
136.0	54	2.0
136.0	63	2.0
138.5	54	0.5
138.5	51	0.5
138.5	60	0.5
139.0	51	1.0
139.0	54	1.0
139.0	60	0.75
139.75	59	0.25
140.0	59	1.5
140.0	55	1.5
140.0	64	1.5
141.5	59	0.5
141.5	55	0.5
141.5	66	0.5
142.0	59	0.75
142.0	55	0.75
142.0	66	0.75
142.75	59	0.25
142.75	55	0.25
142.75	64	0.25
143.0	59	0.75
143.0	55	0.75
143.0	64	0.75
143.75	59	0.25
143.75	55	0.25
143.75	64	0.25
144.0	60	1.0
144.0	55	1.0
144.0	64	1.0
145.0	67	2.5
145.0	64	2.5
145.0	60	2.5
145.0	71	2.5
147.5	71	0.5
147.5	67	0.5
147.5	76	0.5
148.0	71	1.5
148.0	67	1.5
148.0	76	1.5
149.5	71	0.5
149.5	67	0.5
149.5	78	0.5
150.0	71	0.75
150.0	67	0.75
150.0	78	0.75
150.75	71	0.25
150.75	67	0.25
150.75	76	0.25
151.0	71	0.75
151.0	67	0.75
151.0	76	0.75
151.75	71	0.25
151.75	67	0.25
151.75	76	0.25
152.0	72	0.6560091000000057
152.0	67	0.6560091000000057
152.0	76	0.6560091000000057
153.0	79	2.3229932000000133
153.0	76	2.3229932000000133
153.0	72	2.3229932000000133
153.0	83	2.3229932000000133
156.0	72	0.25
156.0	68	0.25
156.0	77	0.25
156.25	65	0.12501130000001126
156.5	70	0.12498869999998874
156.75	65	0.12501130000001126
157.0	68	0.12498869999998874
157.25	70	0.12501130000001126
157.5	68	0.12498869999998874
157.75	70	0.25
157.75	67	0.25
157.75	63	0.25
157.75	75	0.25
158.0	72	0.3329932000000042
158.0	68	0.3329932000000042
158.0	65	0.3329932000000042
158.0	77	0.3329932000000042
158.5	68	0.3329932000000042
158.5	65	0.3329932000000042
158.5	72	0.3329932000000042
159.0	65	0.6560091000000057
159.0	68	0.6560091000000057
159.0	77	0.3329932000000042
159.5	72	0.3329932000000042
160.0	68	0.6460090999999863
160.0	65	0.6460090999999863
160.0	75	0.5
160.75	73	0.1670067999999958
161.0	68	0.6460090999999863
161.0	65	0.6460090999999863
161.0	73	1.490000000000009
162.0	67	1.0
162.0	63	1.0
162.5	70	0.5
163.0	67	1.0
163.0	75	0.75
163.75	70	0.25
164.0	68	2.5
164.0	65	2.5
164.0	72	2.5
166.5	65	0.5
166.5	68	0.5
166.5	72	0.5
167.0	68	1.0
167.0	65	1.0
167.0	77	0.5
167.5	72	0.5
168.0	68	1.0
168.0	65	1.0
168.0	75	0.75
168.75	73	0.25
169.0	68	1.0
169.0	65	1.0
169.0	73	1.5
170.0	68	1.0
170.0	65	1.0
170.5	70	0.5
171.0	67	1.0
171.0	75	0.75
171.75	70	0.25
172.0	68	2.0
172.0	65	2.0
172.0	72	2.0
174.5	60	0.5
175.0	65	0.5
175.5	68	0.5
176.0	65	1.0
176.0	61	1.0
176.0	72	0.75
176.75	70	0.25
177.0	65	1.0
177.0	61	1.0
177.0	70	1.5
178.0	63	1.0
178.0	67	1.0
178.5	70	0.5
179.0	67	1.0
179.0	75	0.75
179.75	70	0.25
180.0	68	3.0
180.0	65	3.0
180.0	72	3.0
183.5	68	0.5
183.5	65	0.5
183.5	72	0.5
184.0	72	2.25
184.0	68	2.25
184.0	65	2.25
184.0	77	2.25
186.25	75	0.25
186.5	73	0.25
186.75	72	0.25
187.0	70	0.25
187.25	68	0.25
187.5	67	0.25
187.75	65	0.25
188.0	58	3.0
188.0	55	3.0
188.0	64	2.5
190.5	61	0.5
191.0	55	1.0
191.0	52	1.0
191.0	61	0.75
191.75	60	0.25
192.0	60	1.5
192.0	56	1.5
192.0	65	1.5
193.5	60	0.5
193.5	56	0.5
193.5	67	0.5
194.0	60	0.75
194.0	56	0.75
194.0	67	0.75
194.75	60	0.25
194.75	56	0.25
194.75	65	0.25
195.0	60	0.75
195.0	56	0.75
195.0	65	0.75
195.75	60	0.25
195.75	56	0.25
195.75	65	0.25
196.0	61	1.0
196.0	56	1.0
196.0	65	1.0
197.0	68	2.5
197.0	65	2.5
197.0	61	2.5
197.0	72	2.5
199.5	65	0.5
200.0	60	0.9900000000000091
200.0	56	0.9900000000000091
200.0	65	0.9900000000000091
201.5	60	0.3329932000000042
201.5	56	0.3329932000000042
201.5	67	0.3329932000000042
202.0	60	0.5
202.0	56	0.5
202.0	67	0.5
202.75	60	0.1670067999999958
202.75	56	0.1670067999999958
202.75	65	0.1670067999999958
203.0	60	0.5
203.0	56	0.5
203.0	65	0.5
203.75	60	0.1670067999999958
203.75	56	0.1670067999999958
203.75	65	0.1670067999999958
204.0	61	0.6560091000000057
204.0	56	0.6560091000000057
204.0	65	0.6560091000000057
205.0	68	2.3229932000000133
205.0	65	2.3229932000000133
205.0	61	2.3229932000000133
205.0	72	2.3229932000000133
208.0	77	2.0
208.0	72	2.0
208.0	80	1.5
209.5	79	0.1670067999999958
209.6670068	80	0.16598640000000842
209.8329932	79	0.1670067999999958
210.0	72	1.0
210.0	68	1.0
210.0	77	0.75
210.75	79	0.25
211.0	72	1.0
211.0	68	1.0
211.0	77	0.75
211.75	75	0.25
212.0	73	1.0
212.0	68	1.0
212.0	77	1.0
213.0	77	2.5
213.0	73	2.5
213.0	80	2.5
216.0	79	2.0
216.0	74	2.0
216.0	82	1.0
217.5	81	0.1670067999999958
217.6670068	82	0.16598640000000842
217.8329932	81	0.1670067999999958
218.0	74	1.0
218.0	70	1.0
218.0	79	0.75
218.75	81	0.25
219.0	74	1.0
219.0	70	1.0
219.0	79	0.75
219.75	77	0.25
220.0	75	1.0
220.0	70	1.0
220.0	79	1.0
221.0	79	2.5
221.0	75	2.5
221.0	82	2.5
224.0	79	2.0
224.0	74	2.0
224.0	82	1.0
225.5	81	0.1670067999999958
225.6670068	82	0.16598640000000842
225.8329932	81	0.1670067999999958
226.0	74	1.0
226.0	70	1.0
226.0	79	0.75
226.75	81	0.25
227.0	74	1.0
227.0	70	1.0
227.0	79	0.75
227.75	77	0.25
228.0	75	1.0
228.0	70	1.0
228.0	79	1.0
229.0	79	2.5
229.0	75	2.5
229.0	82	2.5
232.0	76	2.0
232.0	81	2.0
232.0	84	1.5
233.5	83	0.1670067999999958
233.6670068	84	0.16598640000000842
233.8329932	83	0.1670067999999958
234.0	72	1.0
234.0	76	1.0
234.0	81	0.75
234.75	83	0.25
235.0	72	1.0
235.0	76	1.0
235.0	81	0.75
235.75	79	0.25
236.0	77	1.0
236.0	72	1.0
236.0	81	1.0
237.0	81	2.5
237.0	77	2.5
237.0	84	2.5
240.0	81	3.5
240.0	76	3.5
240.0	84	3.5
244.0	81	3.5
244.0	77	3.5
244.0	84	3.5
248.0	81	3.5
248.0	76	3.5
248.0	84	3.5
252.0	84	2.960000000000008
252.0	81	2.960000000000008
252.0	76	2.960000000000008
252.0	88	2.960000000000008
