0.0	71	0.102993197
0.102993197	69	0.104013606
0.207006803	68	0.10299319700000001
0.31	69	0.10399092999999998
0.41399093	72	0.207006802
0.41399093	57	0.207006802
0.620997732	64	0.20700680300000007
0.620997732	60	0.20700680300000007
0.828004535	74	0.10299319699999998
0.828004535	64	0.20598639500000004
0.828004535	60	0.20598639500000004
0.930997732	72	0.10299319800000006
1.03399093	71	0.10401360500000001
1.03399093	64	0.207006802
1.03399093	60	0.207006802
1.138004535	72	0.10299319699999998
1.240997732	76	0.20700680299999985
1.240997732	57	0.20700680299999985
1.448004535	64	0.20700680300000007
1.448004535	60	0.20700680300000007
1.655011338	77	0.10399092999999993
1.655011338	64	0.2069841269999999
1.655011338	60	0.2069841269999999
1.759002268	76	0.10299319699999998
1.861995465	75	0.10401360500000001
1.861995465	64	0.2070068030000003
1.861995465	60	0.2070068030000003
1.96600907	76	0.10299319800000029
2.069002268	83	0.10299319699999998
2.069002268	57	0.207006802
2.171995465	81	0.10401360500000001
2.27600907	80	0.10299319799999962
2.27600907	64	0.20698412699999968
2.27600907	60	0.20698412699999968
2.379002268	81	0.10399092900000007
2.482993197	83	0.10301587299999992
2.482993197	57	0.20700680300000007
2.58600907	81	0.10399093000000015
2.69	80	0.10299319699999998
2.69	64	0.20700680300000007
2.69	60	0.20700680300000007
2.792993197	81	0.10401360600000009
2.897006803	84	0.41299319700000003
2.897006803	57	0.20598639399999996
3.102993197	64	0.20700680300000007
3.102993197	60	0.20700680300000007
3.31	81	0.20700680300000007
3.31	64	0.20700680300000007
3.31	60	0.20700680300000007
3.517006803	84	0.20698412699999968
3.517006803	64	0.20698412699999968
3.517006803	60	0.20698412699999968
3.72399093	79	0.05201814000000038
3.72399093	52	0.207006802
3.77600907	81	0.05199546499999963
3.828004535	83	0.10299319699999998
3.930997732	78	0.20700680300000052
3.930997732	81	0.20700680300000052
3.930997732	64	0.20700680300000052
3.930997732	59	0.20700680300000052
4.138004535	79	0.20698412699999924
4.138004535	76	0.20698412699999924
4.138004535	64	0.20698412699999924
4.138004535	59	0.20698412699999924
4.344988662	81	0.20700680300000052
4.344988662	78	0.20700680300000052
4.344988662	64	0.20700680300000052
4.344988662	59	0.20700680300000052
4.551995465	79	0.05099773199999991
4.551995465	52	0.20700680299999963
4.602993197	81	0.05201814100000046
4.655011338	83	0.10399092999999926
4.759002268	78	0.20700680200000043
4.759002268	81	0.20700680200000043
4.759002268	64	0.20700680200000043
4.759002268	59	0.20700680200000043
4.96600907	79	0.20598639500000004
4.96600907	76	0.20598639500000004
4.96600907	64	0.20598639500000004
4.96600907	59	0.20598639500000004
5.171995465	78	0.20700680299999963
5.171995465	81	0.20700680299999963
5.171995465	64	0.20700680299999963
5.171995465	59	0.20700680299999963
5.379002268	79	0.05199546399999999
5.379002268	52	0.20700680200000043
5.430997732	81	0.051995465000000074
5.482993197	83	0.10301587300000037
5.58600907	78	0.20698412700000013
5.58600907	81	0.20698412700000013
5.58600907	64	0.20698412700000013
5.58600907	59	0.20698412700000013
5.792993197	79	0.20700680299999963
5.792993197	76	0.20700680299999963
5.792993197	47	0.20700680299999963
6.0	78	0.20700680299999963
6.0	75	0.20700680299999963
6.0	59	0.20700680299999963
6.207006803	76	0.41399092900000056
6.207006803	52	0.41399092900000056
6.620997732	71	0.10299319800000006
6.72399093	69	0.10401360499999956
6.828004535	68	0.10299319699999998
6.930997732	69	0.10299319800000006
7.03399093	57	0.20700680200000043
7.03399093	72	0.20700680200000043
7.240997732	64	0.20700680299999963
7.240997732	60	0.20700680299999963
7.448004535	64	0.20700680300000052
7.448004535	60	0.20700680300000052
7.448004535	74	0.10399093000000015
7.551995465	72	0.10301587300000037
7.655011338	64	0.20698412699999924
7.655011338	60	0.20698412699999924
7.655011338	71	0.10399092999999926
7.759002268	72	0.10299319699999998
7.861995465	57	0.20700680300000052
7.861995465	76	0.20700680300000052
8.069002268	64	0.20700680200000043
8.069002268	60	0.20700680200000043
8.27600907	64	0.20698412700000013
8.27600907	60	0.20698412700000013
8.27600907	77	0.10299319800000006
8.379002268	76	0.10399092900000007
8.482993197	64	0.20700680299999874
8.482993197	60	0.20700680299999874
8.482993197	75	0.10301587299999859
8.58600907	76	0.10399093000000015
8.69	57	0.20700680300000052
8.69	83	0.10299319699999998
8.792993197	81	0.10401360600000054
8.897006803	64	0.20598639399999996
8.897006803	60	0.20598639399999996
8.897006803	80	0.10299319699999998
9.0	81	0.10299319699999998
9.102993197	57	0.20700680300000052
9.102993197	83	0.10401360600000054
9.207006803	81	0.10299319699999998
9.31	64	0.20700680299999874
9.31	60	0.20700680299999874
9.31	80	0.10399093000000015
9.41399093	81	0.10301587299999859
9.517006803	57	0.20698412700000013
9.517006803	84	0.41399092900000056
9.72399093	64	0.20700680200000043
9.72399093	60	0.20700680200000043
9.930997732	64	0.20700680800000093
9.930997732	60	0.20700680800000093
9.930997732	81	0.20700680800000093
10.13800454	64	0.20698411999999955
10.13800454	60	0.20698411999999955
10.13800454	84	0.20698411999999955
10.34498866	52	0.20700680000000027
10.34498866	79	0.05201813999999949
10.3970068	81	0.05099773999999968
10.44800454	83	0.1039909200000011
10.55199546	64	0.20700680999999932
10.55199546	59	0.20700680999999932
10.55199546	78	0.20700680999999932
10.55199546	81	0.20700680999999932
10.75900227	64	0.20700680000000027
10.75900227	59	0.20700680000000027
10.75900227	79	0.20700680000000027
10.75900227	76	0.20700680000000027
10.96600907	64	0.20598638999999963
10.96600907	59	0.20598638999999963
10.96600907	81	0.20598638999999963
10.96600907	78	0.20598638999999963
11.17199546	52	0.2070068100000011
11.17199546	79	0.0519954699999996
11.22399093	81	0.05201814000000127
11.27600907	83	0.10299320000000023
11.37900227	64	0.2070067999999985
11.37900227	59	0.2070067999999985
11.37900227	78	0.2070067999999985
11.37900227	81	0.2070067999999985
11.58600907	64	0.20698413000000038
11.58600907	59	0.20698413000000038
11.58600907	79	0.20698413000000038
11.58600907	76	0.20698413000000038
11.7929932	64	0.20700680000000027
11.7929932	59	0.20700680000000027
11.7929932	78	0.20700680000000027
11.7929932	81	0.20700680000000027
12.0	52	0.20700680000000027
12.0	79	0.05199546000000055
12.05199546	81	0.05099773999999968
12.1029932	83	0.10401360000000004
12.2070068	64	0.20698413000000038
12.2070068	59	0.20698413000000038
12.2070068	78	0.20698413000000038
12.2070068	81	0.20698413000000038
12.41399093	47	0.2070067999999985
12.41399093	79	0.2070067999999985
12.41399093	76	0.2070067999999985
12.62099773	59	0.2070068100000011
12.62099773	78	0.2070068100000011
12.62099773	75	0.2070068100000011
12.82800454	52	0.4129931899999999
12.82800454	76	0.4129931899999999
13.24099773	72	0.20700680999999932
13.44800454	74	0.20700680000000027
13.44800454	77	0.20700680000000027
13.65501134	48	0.20698411999999955
13.65501134	79	0.20698411999999955
13.65501134	76	0.20698411999999955
13.86199546	60	0.2070068100000011
13.86199546	79	0.2070068100000011
13.86199546	76	0.2070068100000011
14.06900227	52	0.20700680000000027
14.06900227	81	0.1029931899999994
14.17199546	79	0.10401361000000087
14.27600907	64	0.2069841299999986
14.27600907	77	0.10299320000000023
14.37900227	76	0.10399092999999837
14.4829932	55	0.41401360000000054
14.4829932	71	0.20700680000000027
14.4829932	74	0.41401360000000054
14.69	67	0.20700680000000027
14.8970068	76	0.20598640000000046
14.8970068	72	0.20598640000000046
15.1029932	77	0.20700680000000027
15.1029932	74	0.20700680000000027
15.31	48	0.20700680000000027
15.31	79	0.20700680000000027
15.31	76	0.20700680000000027
15.5170068	60	0.2069841299999986
15.5170068	79	0.2069841299999986
15.5170068	76	0.2069841299999986
15.72399093	52	0.20700680000000027
15.72399093	81	0.10401361000000087
15.82800454	79	0.1029931899999994
15.93099773	64	0.2070068100000011
15.93099773	77	0.102993200000002
16.03399093	76	0.10401360999999909
16.13800454	55	0.4139909199999998
16.13800454	71	0.4139909199999998
16.13800454	74	0.4139909199999998
16.55199546	69	0.20700680999999932
16.55199546	72	0.20700680999999932
16.75900227	71	0.2070067999999985
16.75900227	74	0.2070067999999985
16.96600907	45	0.20598639000000318
16.96600907	72	0.20598639000000318
16.96600907	76	0.20598639000000318
17.17199546	57	0.20700680999999932
17.17199546	72	0.20700680999999932
17.17199546	76	0.20700680999999932
17.37900227	48	0.2070067999999985
17.37900227	77	0.10399092999999837
17.4829932	76	0.10301587000000012
17.58600907	60	0.20698413000000215
17.58600907	74	0.10399093000000192
17.69	72	0.10299320000000023
17.7929932	52	0.414013599999997
17.7929932	68	0.2070067999999985
17.7929932	71	0.414013599999997
18.0	64	0.2070067999999985
18.2070068	72	0.20698413000000215
18.2070068	69	0.20698413000000215
18.41399093	74	0.2070067999999985
18.41399093	71	0.2070067999999985
18.62099773	45	0.20700680999999932
18.62099773	72	0.20700680999999932
18.62099773	76	0.20700680999999932
18.82800454	57	0.20598639000000318
18.82800454	72	0.20598639000000318
18.82800454	76	0.20598639000000318
19.03399093	48	0.2070067999999985
19.03399093	77	0.10401360999999909
19.13800454	76	0.1029931899999994
19.24099773	60	0.20700680999999932
19.24099773	74	0.10399092999999837
19.34498866	72	0.10301588000000095
19.44800454	52	0.4139909199999998
19.44800454	68	0.4139909199999998
19.44800454	71	0.4139909199999998
19.96600907	69	0.10299320000000023
20.06900227	68	0.10299319000000295
20.17199546	69	0.10401360999999909
20.27600907	72	0.2069841299999986
20.27600907	57	0.2069841299999986
20.4829932	64	0.20700680000000204
20.4829932	60	0.20700680000000204
20.69	74	0.10299320000000023
20.69	64	0.2070067999999985
20.69	60	0.2070067999999985
20.7929932	72	0.10401359999999826
20.8970068	71	0.10299320000000023
20.8970068	64	0.20598640000000046
20.8970068	60	0.20598640000000046
21.0	72	0.10299320000000023
21.1029932	76	0.2070067999999985
21.1029932	57	0.2070067999999985
21.31	64	0.20700680000000204
21.31	60	0.20700680000000204
21.5170068	77	0.10399092999999837
21.5170068	64	0.2069841299999986
21.5170068	60	0.2069841299999986
21.62099773	76	0.10299320000000023
21.72399093	75	0.10401360999999909
21.72399093	64	0.20700680000000204
21.72399093	60	0.20700680000000204
21.82800454	76	0.10299319000000295
21.93099773	83	0.10299320000000023
21.93099773	57	0.20700680999999932
22.03399093	81	0.10401360999999909
22.13800454	80	0.1029931899999994
22.13800454	64	0.20698411999999777
22.13800454	60	0.20698411999999777
22.24099773	81	0.10399092999999837
22.34498866	83	0.10301588000000095
22.34498866	57	0.20700680000000204
22.44800454	81	0.1039909200000011
22.55199546	80	0.10301588000000095
22.55199546	64	0.20700680999999932
22.55199546	60	0.20700680999999932
22.65501134	81	0.10399092999999837
22.75900227	84	0.4129931900000017
22.75900227	53	0.2070067999999985
22.96600907	63	0.20598639000000318
22.96600907	57	0.20598639000000318
23.17199546	81	0.20700680999999932
23.17199546	63	0.20700680999999932
23.17199546	57	0.20700680999999932
23.37900227	83	0.2070067999999985
23.37900227	63	0.2070067999999985
23.37900227	57	0.2070067999999985
23.58600907	84	0.20698413000000215
23.58600907	52	0.20698413000000215
23.7929932	83	0.2070067999999985
23.7929932	64	0.2070067999999985
23.7929932	57	0.2070067999999985
24.0	81	0.2070067999999985
24.0	50	0.2070067999999985
24.2070068	80	0.20698413000000215
24.2070068	59	0.20698413000000215
24.2070068	53	0.20698413000000215
24.41399093	81	0.2070067999999985
24.41399093	48	0.2070067999999985
24.62099773	76	0.20700680999999932
24.62099773	57	0.20700680999999932
24.62099773	52	0.20700680999999932
24.82800454	77	0.20598639000000318
24.82800454	50	0.20598639000000318
25.03399093	74	0.2070067999999985
25.03399093	59	0.2070067999999985
25.03399093	53	0.2070067999999985
25.24099773	72	0.41401361000000136
25.24099773	52	0.20700680999999932
25.24099773	57	0.20700680999999932
25.44800454	52	0.20700680000000204
25.44800454	57	0.20700680000000204
25.65501134	72	0.051995459999996996
25.65501134	52	0.20698411999999777
25.65501134	56	0.20698411999999777
25.7070068	71	0.051995470000001376
25.75900227	72	0.05099772999999885
25.81	71	0.05199546000000055
25.86199546	72	0.051995470000001376
25.86199546	52	0.20700680999999932
25.86199546	56	0.20700680999999932
25.91399093	71	0.052018139999997715
25.96600907	69	0.050997730000002406
26.0170068	71	0.05199546999999782
26.06900227	69	0.41399093000000065
26.06900227	45	0.41399093000000065
26.06900227	57	0.41399093000000065
26.4829932	72	0.20700680000000204
26.4829932	76	0.20700680000000204
26.69	74	0.2070067999999985
26.69	77	0.2070067999999985
26.8970068	48	0.20598640000000046
26.8970068	79	0.20598640000000046
26.8970068	76	0.20598640000000046
27.1029932	60	0.2070067999999985
27.1029932	79	0.2070067999999985
27.1029932	76	0.2070067999999985
27.31	52	0.20700680000000204
27.31	81	0.10399093000000192
27.41399093	79	0.10301587000000012
27.5170068	64	0.2069841299999986
27.5170068	77	0.10399092999999837
27.62099773	76	0.10299320000000023
27.72399093	55	0.41401361000000136
27.72399093	71	0.20700680000000204
27.72399093	74	0.41401361000000136
27.93099773	67	0.20700680999999932
28.13800454	76	0.20698411999999777
28.13800454	72	0.20698411999999777
28.34498866	77	0.20700680000000204
28.34498866	74	0.20700680000000204
28.55199546	48	0.20700680999999932
28.55199546	79	0.20700680999999932
28.55199546	76	0.20700680999999932
28.75900227	60	0.2070067999999985
28.75900227	79	0.2070067999999985
28.75900227	76	0.2070067999999985
28.96600907	52	0.20598639000000318
28.96600907	81	0.10299320000000023
29.06900227	79	0.10299319000000295
29.17199546	64	0.20700680999999932
29.17199546	77	0.10401360999999909
29.27600907	76	0.10299320000000023
29.37900227	55	0.41399093000000065
29.37900227	71	0.41399093000000065
29.37900227	74	0.41399093000000065
29.7929932	69	0.2070067999999985
29.7929932	72	0.2070067999999985
30.0	71	0.2070067999999985
30.0	74	0.2070067999999985
30.2070068	45	0.20698413000000215
30.2070068	72	0.20698413000000215
30.2070068	76	0.20698413000000215
30.41399093	57	0.2070067999999985
30.41399093	72	0.2070067999999985
30.41399093	76	0.2070067999999985
30.62099773	48	0.20700680999999932
30.62099773	77	0.10299320000000023
30.72399093	76	0.10401360999999909
30.82800454	60	0.20598639000000318
30.82800454	74	0.10299319000000295
30.93099773	72	0.10299320000000023
31.03399093	52	0.4140136099999978
31.03399093	68	0.2070067999999985
31.03399093	71	0.4140136099999978
31.24099773	64	0.20700680999999932
31.44800454	72	0.20700680000000204
31.44800454	69	0.20700680000000204
31.65501134	74	0.20698411999999777
31.65501134	71	0.20698411999999777
31.86199546	45	0.20700680999999932
31.86199546	72	0.20700680999999932
31.86199546	76	0.20700680999999932
32.06900227	57	0.20700680000000204
32.06900227	72	0.20700680000000204
32.06900227	76	0.20700680000000204
32.27600907	48	0.20698413000000215
32.27600907	77	0.10299320000000023
32.37900227	76	0.10399093000000192
32.4829932	60	0.20700679999999494
32.4829932	74	0.10301587000000012
32.58600907	72	0.10399092999999482
32.69	52	0.4129932000000025
32.69	68	0.4129932000000025
32.69	71	0.4129932000000025
33.1029932	71	0.10401360000000182
33.2070068	69	0.10299320000000023
33.31	68	0.10399092999999482
33.41399093	69	0.10301587000000012
33.5170068	57	0.20698413000000215
33.5170068	72	0.20698413000000215
33.72399093	64	0.20700680000000204
33.72399093	60	0.20700680000000204
33.93099773	64	0.20700680999999577
33.93099773	60	0.20700680999999577
33.93099773	74	0.10299320000000023
34.03399093	72	0.10401360999999554
34.13800454	64	0.20698412000000133
34.13800454	60	0.20698412000000133
34.13800454	71	0.1029931899999994
34.24099773	72	0.10399093000000192
34.34498866	57	0.20700680000000204
34.34498866	76	0.20700680000000204
34.55199546	64	0.20700681000000287
34.55199546	60	0.20700681000000287
34.75900227	64	0.20700679999999494
34.75900227	60	0.20700679999999494
34.75900227	77	0.1029931899999994
34.86199546	76	0.10401360999999554
34.96600907	64	0.20598638999999963
34.96600907	60	0.20598638999999963
34.96600907	75	0.10299320000000023
35.06900227	76	0.1029931899999994
35.17199546	57	0.20700681000000287
35.17199546	83	0.10401361000000264
35.27600907	81	0.10299320000000023
35.37900227	64	0.20700680000000204
35.37900227	60	0.20700680000000204
35.37900227	80	0.10399093000000192
35.4829932	81	0.10301587000000012
35.58600907	57	0.20698412999999505
35.58600907	83	0.10399092999999482
35.69	81	0.10299320000000023
35.7929932	64	0.20700680000000204
35.7929932	60	0.20700680000000204
35.7929932	80	0.10401360000000182
35.8970068	81	0.10299320000000023
36.0	53	0.20700680000000204
36.0	84	0.4139909299999971
36.2070068	63	0.20698412999999505
36.2070068	57	0.20698412999999505
36.41399093	63	0.20700680000000204
36.41399093	57	0.20700680000000204
36.41399093	81	0.20700680000000204
36.62099773	63	0.20700681000000287
36.62099773	57	0.20700681000000287
36.62099773	83	0.20700681000000287
36.82800454	52	0.20598638999999963
36.82800454	84	0.20598638999999963
37.03399093	64	0.20700679999999494
37.03399093	57	0.20700679999999494
37.03399093	83	0.20700679999999494
37.24099773	50	0.20700681000000287
37.24099773	81	0.20700681000000287
37.44800454	59	0.20700680000000204
37.44800454	53	0.20700680000000204
37.44800454	80	0.20700680000000204
37.65501134	48	0.20698412000000133
37.65501134	81	0.20698412000000133
37.86199546	57	0.20700680999999577
37.86199546	52	0.20700680999999577
37.86199546	76	0.20700680999999577
38.06900227	50	0.20700680000000204
38.06900227	77	0.20700680000000204
38.27600907	59	0.20698413000000215
38.27600907	53	0.20698413000000215
38.27600907	74	0.20698413000000215
38.4829932	52	0.20700679999999494
38.4829932	57	0.20700679999999494
38.4829932	72	0.414013599999997
38.69	52	0.20700680000000204
38.69	57	0.20700680000000204
38.8970068	52	0.20598640000000046
38.8970068	56	0.20598640000000046
38.8970068	72	0.05099773999999968
38.94800454	71	0.05199546000000055
39.0	72	0.05199546000000055
39.05199546	71	0.05099773999999968
39.1029932	52	0.20700680000000204
39.1029932	56	0.20700680000000204
39.1029932	72	0.05201814000000127
39.15501134	71	0.05199546000000055
39.2070068	69	0.051995470000001376
39.25900227	71	0.05099772999999885
39.31	45	0.4139909299999971
39.31	57	0.4139909299999971
39.31	69	0.4139909299999971
39.72399093	81	0.20700680000000204
39.93099773	83	0.20700680999999577
39.93099773	71	0.20700680999999577
40.13800454	57	0.20698412000000133
40.13800454	73	0.41399092000000337
40.13800454	85	0.41399092000000337
40.34498866	57	0.20700680000000204
40.55199546	57	0.20700681000000287
40.55199546	69	0.20700681000000287
40.55199546	81	0.20700681000000287
40.75900227	57	0.20700679999999494
40.75900227	71	0.20700679999999494
40.75900227	83	0.20700679999999494
40.96600907	57	0.20598638999999963
40.96600907	73	0.20598638999999963
40.96600907	85	0.20598638999999963
41.17199546	57	0.20700681000000287
41.17199546	71	0.20700681000000287
41.17199546	83	0.20700681000000287
41.37900227	57	0.20700680000000204
41.37900227	69	0.20700680000000204
41.37900227	81	0.20700680000000204
41.58600907	57	0.20698412999999505
41.58600907	68	0.20698412999999505
41.58600907	80	0.20698412999999505
41.7929932	50	0.20700680000000204
41.7929932	78	0.20700680000000204
41.7929932	66	0.20700680000000204
42.0	50	0.20700680000000204
42.0	80	0.20700680000000204
42.0	68	0.20700680000000204
42.2070068	51	0.20698412999999505
42.2070068	81	0.20698412999999505
42.2070068	69	0.20698412999999505
42.41399093	51	0.20700680000000204
42.41399093	83	0.20700680000000204
42.41399093	71	0.20700680000000204
42.62099773	52	0.20700681000000287
42.62099773	80	0.20700681000000287
42.62099773	68	0.20700681000000287
42.82800454	52	0.20598638999999963
42.82800454	76	0.20598638999999963
42.82800454	64	0.20598638999999963
43.03399093	52	0.20700679999999494
43.03399093	81	0.20700679999999494
43.03399093	69	0.20700679999999494
43.24099773	52	0.20700681000000287
43.24099773	83	0.20700681000000287
43.24099773	71	0.20700681000000287
43.44800454	57	0.20700680000000204
43.44800454	73	0.41399092000000337
43.44800454	85	0.41399092000000337
43.65501134	57	0.20698412000000133
43.86199546	57	0.20700680999999577
43.86199546	81	0.20700680999999577
43.86199546	69	0.20700680999999577
44.06900227	57	0.20700680000000204
44.06900227	83	0.20700680000000204
44.06900227	71	0.20700680000000204
44.27600907	57	0.20698413000000215
44.27600907	73	0.20698413000000215
44.27600907	85	0.20698413000000215
44.4829932	57	0.20700679999999494
44.4829932	71	0.20700679999999494
44.4829932	83	0.20700679999999494
44.69	57	0.20700680000000204
44.69	69	0.20700680000000204
44.69	81	0.20700680000000204
44.8970068	57	0.20598640000000046
44.8970068	68	0.20598640000000046
44.8970068	80	0.20598640000000046
45.1029932	50	0.20700680000000204
45.1029932	78	0.20700680000000204
45.1029932	66	0.20700680000000204
45.31	50	0.20700679999999494
45.31	83	0.20700679999999494
45.31	71	0.20700679999999494
45.5170068	52	0.20698413000000215
45.5170068	80	0.20698413000000215
45.5170068	68	0.20698413000000215
45.72399093	52	0.20700680000000204
45.72399093	76	0.20700680000000204
45.72399093	64	0.20700680000000204
45.93099773	45	0.4139909299999971
45.93099773	69	0.4139909299999971
45.93099773	81	0.4139909299999971
46.55199546	83	0.20700681000000287
46.55199546	71	0.20700681000000287
46.75900227	57	0.20700679999999494
46.75900227	73	0.41299318999999457
46.75900227	85	0.41299318999999457
46.96600907	57	0.20598638999999963
47.17199546	57	0.20700681000000287
47.17199546	69	0.20700681000000287
47.17199546	81	0.20700681000000287
47.37900227	57	0.20700680000000204
47.37900227	71	0.20700680000000204
47.37900227	83	0.20700680000000204
47.58600907	57	0.20698412999999505
47.58600907	73	0.20698412999999505
47.58600907	85	0.20698412999999505
47.7929932	57	0.20700680000000204
47.7929932	71	0.20700680000000204
47.7929932	83	0.20700680000000204
48.0	57	0.20700680000000204
48.0	69	0.20700680000000204
48.0	81	0.20700680000000204
48.2070068	57	0.20698412999999505
48.2070068	68	0.20698412999999505
48.2070068	80	0.20698412999999505
48.41399093	50	0.20700680000000204
48.41399093	78	0.20700680000000204
48.41399093	66	0.20700680000000204
48.62099773	50	0.20700681000000287
48.62099773	80	0.20700681000000287
48.62099773	68	0.20700681000000287
48.82800454	51	0.20598638999999963
48.82800454	81	0.20598638999999963
48.82800454	69	0.20598638999999963
49.03399093	51	0.20700679999999494
49.03399093	83	0.20700679999999494
49.03399093	71	0.20700679999999494
49.24099773	52	0.20700681000000287
49.24099773	80	0.20700681000000287
49.24099773	68	0.20700681000000287
49.44800454	52	0.20700680000000204
49.44800454	76	0.20700680000000204
49.44800454	64	0.20700680000000204
49.65501134	52	0.20698412000000133
49.65501134	81	0.20698412000000133
49.65501134	69	0.20698412000000133
49.86199546	52	0.20700680999999577
49.86199546	83	0.20700680999999577
49.86199546	71	0.20700680999999577
50.06900227	57	0.20700680000000204
50.06900227	73	0.4139909300000042
50.06900227	85	0.4139909300000042
50.27600907	57	0.20698413000000215
50.4829932	57	0.20700679999999494
50.4829932	81	0.20700679999999494
50.4829932	69	0.20700679999999494
50.69	57	0.20700680000000204
50.69	83	0.20700680000000204
50.69	71	0.20700680000000204
50.8970068	57	0.20598640000000046
50.8970068	73	0.20598640000000046
50.8970068	85	0.20598640000000046
51.1029932	57	0.20700680000000204
51.1029932	71	0.20700680000000204
51.1029932	83	0.20700680000000204
51.31	57	0.20700679999999494
51.31	69	0.20700679999999494
51.31	81	0.20700679999999494
51.5170068	57	0.20698413000000215
51.5170068	68	0.20698413000000215
51.5170068	80	0.20698413000000215
51.72399093	50	0.20700680000000204
51.72399093	78	0.20700680000000204
51.72399093	66	0.20700680000000204
51.93099773	50	0.20700680999999577
51.93099773	83	0.20700680999999577
51.93099773	71	0.20700680999999577
52.13800454	52	0.20698412000000133
52.13800454	80	0.20698412000000133
52.13800454	68	0.20698412000000133
52.34498866	52	0.20700680000000204
52.34498866	76	0.20700680000000204
52.34498866	64	0.20700680000000204
52.55199546	45	0.4140136099999978
52.55199546	69	0.4140136099999978
52.55199546	81	0.4140136099999978
52.96600907	85	0.10299320000000023
53.06900227	86	0.1029931899999994
53.17199546	85	0.10401361000000264
53.27600907	83	0.10299320000000023
53.37900227	54	0.20700680000000204
53.37900227	81	0.10399093000000192
53.4829932	83	0.10301587000000012
53.58600907	61	0.20698412999999505
53.58600907	57	0.20698412999999505
53.58600907	81	0.10399092999999482
53.69	80	0.10299320000000023
53.7929932	61	0.20700680000000204
53.7929932	57	0.20700680000000204
53.7929932	78	0.10401360000000182
53.8970068	81	0.10299320000000023
54.0	61	0.20700680000000204
54.0	57	0.20700680000000204
54.0	80	0.10299320000000023
54.1029932	78	0.10401360000000182
54.2070068	56	0.20698412999999505
54.2070068	77	0.10299320000000023
54.31	78	0.10399092999999482
54.41399093	61	0.20700680000000204
54.41399093	59	0.20700680000000204
54.41399093	80	0.10301587000000012
54.5170068	77	0.10399093000000192
54.62099773	61	0.20700681000000287
54.62099773	59	0.20700681000000287
54.62099773	73	0.10299320000000023
54.72399093	75	0.10401361000000264
54.82800454	61	0.20598638999999963
54.82800454	59	0.20598638999999963
54.82800454	77	0.1029931899999994
54.93099773	73	0.10299320000000023
55.03399093	54	0.20700679999999494
55.03399093	78	0.10401360999999554
55.13800454	77	0.1029931899999994
55.24099773	61	0.20700681000000287
55.24099773	57	0.20700681000000287
55.24099773	78	0.10399093000000192
55.34498866	80	0.10301588000000095
55.44800454	61	0.20700680000000204
55.44800454	57	0.20700680000000204
55.44800454	81	0.1039909200000011
55.55199546	80	0.10301588000000095
55.65501134	61	0.20698412000000133
55.65501134	57	0.20698412000000133
55.65501134	81	0.10399093000000192
55.75900227	83	0.1029931899999994
55.86199546	53	0.20700680999999577
55.86199546	85	0.10401360999999554
55.96600907	84	0.10299320000000023
56.06900227	61	0.20700680000000204
56.06900227	56	0.20700680000000204
56.06900227	85	0.1029931899999994
56.17199546	84	0.10401361000000264
56.27600907	61	0.20698413000000215
56.27600907	56	0.20698413000000215
56.27600907	85	0.10299320000000023
56.37900227	86	0.10399093000000192
56.4829932	61	0.20700679999999494
56.4829932	56	0.20700679999999494
56.4829932	85	0.10301587000000012
56.58600907	83	0.10399092999999482
56.69	54	0.20700680000000204
56.69	81	0.10299320000000023
56.7929932	83	0.10401360000000182
56.8970068	61	0.20598640000000046
56.8970068	57	0.20598640000000046
56.8970068	81	0.10299320000000023
57.0	80	0.10299320000000023
57.1029932	61	0.20700680000000204
57.1029932	57	0.20700680000000204
57.1029932	78	0.10401360000000182
57.2070068	81	0.10299320000000023
57.31	61	0.20700679999999494
57.31	57	0.20700679999999494
57.31	80	0.10399092999999482
57.41399093	78	0.10301587000000012
57.5170068	56	0.20698413000000215
57.5170068	76	0.10399093000000192
57.62099773	78	0.10299320000000023
57.72399093	64	0.20700680000000204
57.72399093	61	0.20700680000000204
57.72399093	80	0.10401361000000264
57.82800454	76	0.1029931899999994
57.93099773	64	0.20700680999999577
57.93099773	61	0.20700680999999577
57.93099773	73	0.10299320000000023
58.03399093	75	0.10401360999999554
58.13800454	64	0.20698412000000133
58.13800454	61	0.20698412000000133
58.13800454	76	0.1029931899999994
58.24099773	73	0.10399093000000192
58.34498866	56	0.20700680000000204
58.34498866	75	0.10301588000000095
58.44800454	76	0.1039909200000011
58.55199546	66	0.20700681000000287
58.55199546	63	0.20700681000000287
58.55199546	78	0.10301588000000095
58.65501134	75	0.10399093000000192
58.75900227	66	0.20700679999999494
58.75900227	63	0.20700679999999494
58.75900227	72	0.1029931899999994
58.86199546	73	0.10401360999999554
58.96600907	66	0.20598638999999963
58.96600907	63	0.20598638999999963
58.96600907	75	0.10299320000000023
59.06900227	72	0.1029931899999994
59.17199546	64	0.4140136100000049
59.17199546	61	0.4140136100000049
59.17199546	73	0.4140136100000049
59.58600907	85	0.10399092999999482
59.69	86	0.10299320000000023
59.7929932	85	0.10401360000000182
59.8970068	83	0.10299320000000023
60.0	54	0.20700680000000204
60.0	81	0.10299320000000023
60.1029932	83	0.10401360000000182
60.2070068	61	0.20698412999999505
60.2070068	57	0.20698412999999505
60.2070068	81	0.10299320000000023
60.31	80	0.10399092999999482
60.41399093	61	0.20700680000000204
60.41399093	57	0.20700680000000204
60.41399093	78	0.10301587000000012
60.5170068	81	0.10399093000000192
60.62099773	61	0.20700681000000287
60.62099773	57	0.20700681000000287
60.62099773	80	0.10299320000000023
60.72399093	78	0.10401361000000264
60.82800454	56	0.20598638999999963
60.82800454	77	0.1029931899999994
60.93099773	78	0.10299320000000023
61.03399093	61	0.20700679999999494
61.03399093	59	0.20700679999999494
61.03399093	80	0.10401360999999554
61.13800454	77	0.1029931899999994
61.24099773	61	0.20700681000000287
61.24099773	59	0.20700681000000287
61.24099773	73	0.10399093000000192
61.34498866	75	0.10301588000000095
61.44800454	61	0.20700680000000204
61.44800454	59	0.20700680000000204
61.44800454	77	0.1039909200000011
61.55199546	73	0.10301588000000095
61.65501134	54	0.20698412000000133
61.65501134	78	0.10399093000000192
61.75900227	77	0.1029931899999994
61.86199546	61	0.20700680999999577
61.86199546	57	0.20700680999999577
61.86199546	78	0.10401360999999554
61.96600907	80	0.10299320000000023
62.06900227	61	0.20700680000000204
62.06900227	57	0.20700680000000204
62.06900227	81	0.1029931899999994
62.17199546	80	0.10401361000000264
62.27600907	61	0.20698413000000215
62.27600907	57	0.20698413000000215
62.27600907	81	0.10299320000000023
62.37900227	83	0.10399093000000192
62.4829932	53	0.20700679999999494
62.4829932	85	0.10301587000000012
62.58600907	84	0.10399092999999482
62.69	61	0.20700680000000204
62.69	56	0.20700680000000204
62.69	85	0.10299320000000023
62.7929932	84	0.10401360000000182
62.8970068	61	0.20598640000000046
62.8970068	56	0.20598640000000046
62.8970068	85	0.10299320000000023
63.0	86	0.10299320000000023
63.1029932	61	0.20700680000000204
63.1029932	56	0.20700680000000204
63.1029932	85	0.10401360000000182
63.2070068	83	0.10299320000000023
63.31	54	0.20700679999999494
63.31	81	0.10399092999999482
63.41399093	83	0.10301587000000012
63.5170068	61	0.20698413000000215
63.5170068	57	0.20698413000000215
63.5170068	81	0.10399093000000192
63.62099773	80	0.10299320000000023
63.72399093	61	0.20700680000000204
63.72399093	57	0.20700680000000204
63.72399093	78	0.10401361000000264
63.82800454	81	0.1029931899999994
63.93099773	61	0.20700680999999577
63.93099773	57	0.20700680999999577
63.93099773	80	0.10299320000000023
64.03399093	78	0.10401360999999554
64.13800454	56	0.20698412000000133
64.13800454	76	0.10299319000000651
64.24099773	78	0.10399092999999482
64.34498866	64	0.20700680000000204
64.34498866	61	0.20700680000000204
64.34498866	80	0.10301588000000095
64.44800454	76	0.1039909200000011
64.55199546	64	0.20700680999999577
64.55199546	61	0.20700680999999577
64.55199546	73	0.10301588000000095
64.65501134	75	0.10399092999999482
64.75900227	64	0.20700680000000204
64.75900227	61	0.20700680000000204
64.75900227	76	0.10299319000000651
64.86199546	73	0.10401360999999554
64.96600907	56	0.20598639000000674
64.96600907	75	0.10299320000000023
65.06900227	76	0.10299319000000651
65.17199546	66	0.20700680999999577
65.17199546	63	0.20700680999999577
65.17199546	78	0.10401360999999554
65.27600907	75	0.10299320000000023
65.37900227	66	0.20700680000000204
65.37900227	63	0.20700680000000204
65.37900227	72	0.10399092999999482
65.4829932	73	0.10301587000000723
65.58600907	66	0.20698412999999505
65.58600907	63	0.20698412999999505
65.58600907	75	0.10399092999999482
65.69	72	0.10299320000000023
65.7929932	64	0.4140136000000041
65.7929932	61	0.4140136000000041
65.7929932	73	0.4140136000000041
66.2070068	76	0.10299320000000023
66.31	74	0.10399092999999482
66.41399093	73	0.10301587000000723
66.5170068	71	0.10399092999999482
66.62099773	69	0.10299320000000023
66.62099773	57	0.20700680999999577
66.72399093	71	0.10401360999999554
66.82800454	73	0.10299319000000651
66.82800454	64	0.20598639000000674
66.82800454	61	0.20598639000000674
66.93099773	74	0.10299320000000023
67.03399093	76	0.10401360999999554
67.03399093	64	0.20700680000000204
67.03399093	61	0.20700680000000204
67.13800454	78	0.10299319000000651
67.24099773	80	0.10399092999999482
67.24099773	64	0.20700680999999577
67.24099773	61	0.20700680999999577
67.34498866	81	0.10301588000000095
67.44800454	81	0.1039909200000011
67.44800454	59	0.20700680000000204
67.55199546	80	0.10301588000000095
67.65501134	78	0.10399092999999482
67.65501134	64	0.20698412000000133
67.65501134	62	0.20698412000000133
67.75900227	76	0.10299319000000651
67.86199546	76	0.10401360999999554
67.86199546	56	0.20700680999999577
67.96600907	74	0.10299320000000023
68.06900227	73	0.10299319000000651
68.06900227	64	0.20700680000000204
68.06900227	62	0.20700680000000204
68.17199546	71	0.10401360999999554
68.27600907	69	0.10299320000000023
68.27600907	57	0.20698412999999505
68.37900227	71	0.10399092999999482
68.4829932	73	0.10301587000000723
68.4829932	64	0.20700680000000204
68.4829932	61	0.20700680000000204
68.58600907	74	0.10399092999999482
68.69	76	0.10299320000000023
68.69	64	0.20700680000000204
68.69	61	0.20700680000000204
68.7929932	78	0.10401360000000182
68.8970068	80	0.10299320000000023
68.8970068	64	0.20598640000000046
68.8970068	61	0.20598640000000046
69.0	81	0.10299320000000023
69.1029932	82	0.20700680000000204
69.1029932	52	0.20700680000000204
69.31	83	0.20700680000000204
69.31	62	0.20700680000000204
69.31	56	0.20700680000000204
69.5170068	76	0.10399092999999482
69.5170068	62	0.20698412999999505
69.5170068	56	0.20698412999999505
69.62099773	74	0.10299320000000023
69.72399093	73	0.10401360999999554
69.72399093	62	0.20700680000000204
69.72399093	56	0.20700680000000204
69.82800454	71	0.10299319000000651
69.93099773	69	0.10299320000000023
69.93099773	57	0.20700680999999577
70.03399093	71	0.10401360999999554
70.13800454	73	0.10299319000000651
70.13800454	64	0.20698412000000133
70.13800454	61	0.20698412000000133
70.24099773	74	0.10399092999999482
70.34498866	76	0.10301588000000095
70.34498866	64	0.20700680000000204
70.34498866	61	0.20700680000000204
70.44800454	78	0.1039909200000011
70.55199546	80	0.10301588000000095
70.55199546	64	0.20700680999999577
70.55199546	61	0.20700680999999577
70.65501134	81	0.10399092999999482
70.75900227	81	0.10299319000000651
70.75900227	59	0.20598639000000674
70.86199546	80	0.10299320000000023
70.96498866	78	0.10401360999999554
70.96498866	64	0.20700680000000204
70.96498866	62	0.20700680000000204
71.06900227	76	0.10299319000000651
71.17199546	76	0.10401360999999554
71.17199546	56	0.20700680999999577
71.27600907	74	0.10299320000000023
71.37900227	73	0.10399092999999482
71.37900227	64	0.20700680000000204
71.37900227	62	0.20700680000000204
71.4829932	71	0.10301587000000723
71.58600907	73	0.10399092999999482
71.58600907	57	0.20698412999999505
71.69	76	0.10299320000000023
71.7929932	69	0.10401360000000182
71.7929932	54	0.20700680000000204
71.8970068	73	0.10299320000000023
72.0	71	0.10299320000000023
72.0	50	0.20700680000000204
72.1029932	74	0.10401360000000182
72.2070068	68	0.10299320000000023
72.2070068	52	0.20698412999999505
72.31	71	0.10399092999999482
72.41399093	69	0.4140136099999978
72.41399093	45	0.20700680000000204
72.62099773	57	0.20700680999999577
72.82800454	85	0.10299319000000651
72.93099773	86	0.10299320000000023
73.03399093	85	0.10401360999999554
73.13800454	83	0.10299319000000651
73.24099773	54	0.20700680999999577
73.24099773	81	0.10399092999999482
73.34498866	83	0.10301588000000095
73.44800454	61	0.20700680000000204
73.44800454	57	0.20700680000000204
73.44800454	81	0.1039909200000011
73.55199546	80	0.10301588000000095
73.65501134	61	0.20698412000000133
73.65501134	57	0.20698412000000133
73.65501134	78	0.10399092999999482
73.75900227	81	0.10299319000000651
73.86199546	61	0.20700680999999577
73.86199546	57	0.20700680999999577
73.86199546	80	0.10299320000000023
73.96498866	78	0.10401360999999554
74.06900227	56	0.20700680000000204
74.06900227	77	0.10299319000000651
74.17199546	78	0.10401360999999554
74.27600907	61	0.20698412999999505
74.27600907	59	0.20698412999999505
74.27600907	80	0.10299320000000023
74.37900227	77	0.10399092999999482
74.4829932	61	0.20700680000000204
74.4829932	59	0.20700680000000204
74.4829932	73	0.10301587000000723
74.58600907	75	0.10399092999999482
74.69	61	0.20700680000000204
74.69	59	0.20700680000000204
74.69	77	0.10299320000000023
74.7929932	73	0.10401360000000182
74.8970068	54	0.20598640000000046
74.8970068	78	0.10299320000000023
75.0	77	0.10299320000000023
75.1029932	61	0.20700680000000204
75.1029932	57	0.20700680000000204
75.1029932	78	0.10401360000000182
75.2070068	80	0.10299320000000023
75.31	61	0.20700680000000204
75.31	57	0.20700680000000204
75.31	81	0.10399092999999482
75.41399093	80	0.10301587000000723
75.5170068	61	0.20698412999999505
75.5170068	57	0.20698412999999505
75.5170068	81	0.10399092999999482
75.62099773	83	0.10299320000000023
75.72399093	53	0.20700680000000204
75.72399093	85	0.10401360999999554
75.82800454	84	0.10299319000000651
75.93099773	61	0.20700680999999577
75.93099773	56	0.20700680999999577
75.93099773	85	0.10299320000000023
76.03399093	84	0.10401360999999554
76.13800454	55	0.20698412000000133
76.13800454	61	0.20698412000000133
76.13800454	85	0.10299319000000651
76.24099773	83	0.10399092999999482
76.34498866	54	0.20700680000000204
76.34498866	61	0.20700680000000204
76.34498866	85	0.10301588000000095
76.44800454	82	0.1039909200000011
76.55199546	47	0.20700680999999577
76.55199546	86	0.10301588000000095
76.65501134	85	0.10399092999999482
76.75900227	59	0.20598639000000674
76.75900227	54	0.20598639000000674
76.75900227	86	0.10299319000000651
76.86199546	85	0.10299320000000023
76.96498866	59	0.20700680000000204
76.96498866	54	0.20700680000000204
76.96498866	86	0.10401360999999554
77.06900227	85	0.10299319000000651
77.17199546	59	0.20700680999999577
77.17199546	54	0.20700680999999577
77.17199546	86	0.10401360999999554
77.27600907	85	0.10299320000000023
77.37900227	47	0.20700680000000204
77.37900227	86	0.10399092999999482
77.4829932	85	0.10301587000000723
77.58600907	59	0.20698412999999505
77.58600907	56	0.20698412999999505
77.58600907	83	0.10399092999999482
77.69	81	0.10299320000000023
77.7929932	59	0.20700680000000204
77.7929932	56	0.20700680000000204
77.7929932	80	0.10401360000000182
77.8970068	81	0.10299320000000023
78.0	59	0.20700680000000204
78.0	56	0.20700680000000204
78.0	83	0.10299320000000023
78.1029932	80	0.10401360000000182
78.2070068	49	0.20698412999999505
78.2070068	81	0.10299320000000023
78.31	83	0.10399092999999482
78.41399093	57	0.20700680000000204
78.41399093	54	0.20700680000000204
78.41399093	85	0.10301587000000723
78.5170068	78	0.10399092999999482
78.62099773	49	0.20700680999999577
78.62099773	77	0.10299320000000023
78.72399093	78	0.10401360999999554
78.82800454	59	0.20598639000000674
78.82800454	56	0.20598639000000674
78.82800454	80	0.10299319000000651
78.93099773	77	0.10299320000000023
79.03399093	57	0.4140136099999978
79.03399093	54	0.4140136099999978
79.03399093	78	0.4140136099999978
79.44800454	76	0.1039909200000011
79.55199546	74	0.10301588000000095
79.65501134	73	0.10399092999999482
79.75900227	71	0.10299319000000651
79.86199546	57	0.20700680999999577
79.86199546	69	0.10299320000000023
79.96498866	71	0.10401360999999554
80.06900227	64	0.20700680000000204
80.06900227	61	0.20700680000000204
80.06900227	73	0.10299319000000651
80.17199546	74	0.10401360999999554
80.27600907	64	0.20698412999999505
80.27600907	61	0.20698412999999505
80.27600907	76	0.10299320000000023
80.37900227	78	0.10399092999999482
80.4829932	64	0.20700680000000204
80.4829932	61	0.20700680000000204
80.4829932	80	0.10301587000000723
80.58600907	81	0.10399092999999482
80.69	59	0.20700680000000204
80.69	81	0.10299320000000023
80.7929932	80	0.10401360000000182
80.8970068	64	0.20598640000000046
80.8970068	62	0.20598640000000046
80.8970068	78	0.10299320000000023
81.0	76	0.10299320000000023
81.1029932	56	0.20700680000000204
81.1029932	76	0.10401360000000182
81.2070068	74	0.10299320000000023
81.31	64	0.20700680000000204
81.31	62	0.20700680000000204
81.31	73	0.10399092999999482
81.41399093	71	0.10301587000000723
81.5170068	57	0.20698412999999505
81.5170068	69	0.10399092999999482
81.62099773	71	0.10299320000000023
81.72399093	64	0.20700680000000204
81.72399093	61	0.20700680000000204
81.72399093	73	0.10401360999999554
81.82800454	74	0.10299319000000651
81.93099773	64	0.20700680999999577
81.93099773	61	0.20700680999999577
81.93099773	76	0.10299320000000023
82.03399093	78	0.10401360999999554
82.13800454	64	0.20698412000000133
82.13800454	61	0.20698412000000133
82.13800454	80	0.10299319000000651
82.24099773	81	0.10399092999999482
82.34498866	52	0.20700680000000204
82.34498866	82	0.20700680000000204
82.55199546	62	0.20700680999999577
82.55199546	56	0.20700680999999577
82.55199546	83	0.20700680999999577
82.75900227	62	0.20598639000000674
82.75900227	56	0.20598639000000674
82.75900227	76	0.10299319000000651
82.86199546	74	0.10299320000000023
82.96498866	62	0.20700680000000204
82.96498866	56	0.20700680000000204
82.96498866	73	0.10401360999999554
83.06900227	71	0.10299319000000651
83.17199546	57	0.20700680999999577
83.17199546	69	0.10401360999999554
83.27600907	71	0.10299320000000023
83.37900227	64	0.20700680000000204
83.37900227	61	0.20700680000000204
83.37900227	73	0.10399092999999482
83.4829932	74	0.10301587000000723
83.58600907	64	0.20698412999999505
83.58600907	61	0.20698412999999505
83.58600907	76	0.10399092999999482
83.69	78	0.10299320000000023
83.7929932	64	0.20700680000000204
83.7929932	61	0.20700680000000204
83.7929932	80	0.10401360000000182
83.8970068	81	0.10299320000000023
84.0	59	0.20700680000000204
84.0	81	0.10299320000000023
84.1029932	80	0.10401360000000182
84.2070068	64	0.20698412999999505
84.2070068	62	0.20698412999999505
84.2070068	78	0.10299320000000023
84.31	76	0.10399092999999482
84.41399093	56	0.20700680000000204
84.41399093	76	0.10301587000000723
84.5170068	74	0.10399092999999482
84.62099773	64	0.20700680999999577
84.62099773	62	0.20700680999999577
84.62099773	73	0.10299320000000023
84.72399093	71	0.10401360999999554
84.82800454	57	0.20598639000000674
84.82800454	73	0.10299319000000651
84.93099773	76	0.10299320000000023
85.03399093	54	0.20700680000000204
85.03399093	69	0.10401360999999554
85.13800454	73	0.10299319000000651
85.24099773	50	0.20700680999999577
85.24099773	71	0.10399092999999482
85.34498866	74	0.10301588000000095
85.44800454	52	0.20700680000000204
85.44800454	68	0.1039909200000011
85.55199546	71	0.10301588000000095
85.65501134	45	0.20698412000000133
85.65501134	69	0.4139909299999971
85.86199546	57	0.20700680999999577
86.06900227	85	0.10299319000000651
86.17199546	86	0.10401360999999554
86.27600907	85	0.10299320000000023
86.37900227	83	0.10399092999999482
86.4829932	54	0.20700680000000204
86.4829932	81	0.10301587000000723
86.58600907	83	0.10399092999999482
86.69	61	0.20700680000000204
86.69	57	0.20700680000000204
86.69	81	0.10299320000000023
86.7929932	80	0.10401360000000182
86.8970068	61	0.20598640000000046
86.8970068	57	0.20598640000000046
86.8970068	78	0.10299320000000023
87.0	81	0.10299320000000023
87.1029932	61	0.20700680000000204
87.1029932	57	0.20700680000000204
87.1029932	80	0.10401360000000182
87.2070068	78	0.10299320000000023
87.31	56	0.20700680000000204
87.31	77	0.10399092999999482
87.41399093	78	0.10301587000000723
87.5170068	61	0.20698412999999505
87.5170068	59	0.20698412999999505
87.5170068	80	0.10399092999999482
87.62099773	77	0.10299320000000023
87.72399093	61	0.20700680000000204
87.72399093	59	0.20700680000000204
87.72399093	73	0.10401360999999554
87.82800454	75	0.10299319000000651
87.93099773	61	0.20700680999999577
87.93099773	59	0.20700680999999577
87.93099773	77	0.10299320000000023
88.03399093	73	0.10401360999999554
88.13800454	54	0.20698412000000133
88.13800454	78	0.10299319000000651
88.24099773	77	0.10399092999999482
88.34498866	61	0.20700680000000204
88.34498866	57	0.20700680000000204
88.34498866	78	0.10301588000000095
88.44800454	80	0.1039909200000011
88.55199546	61	0.20700680999999577
88.55199546	57	0.20700680999999577
88.55199546	81	0.10301588000000095
88.65501134	80	0.10399092999999482
88.75900227	61	0.20598639000000674
88.75900227	57	0.20598639000000674
88.75900227	81	0.10299319000000651
88.86199546	83	0.10299320000000023
88.96498866	53	0.20700680000000204
88.96498866	85	0.10401360999999554
89.06900227	84	0.10299319000000651
89.17199546	61	0.20700680999999577
89.17199546	56	0.20700680999999577
89.17199546	85	0.10401360999999554
89.27600907	84	0.10299320000000023
89.37900227	55	0.20700680000000204
89.37900227	61	0.20700680000000204
89.37900227	85	0.10399092999999482
89.4829932	83	0.10301587000000723
89.58600907	54	0.20698412999999505
89.58600907	61	0.20698412999999505
89.58600907	85	0.10399092999999482
89.69	82	0.10299320000000023
89.7929932	47	0.20700680000000204
89.7929932	86	0.10401360000000182
89.8970068	85	0.10299320000000023
90.0	59	0.20700680000000204
90.0	54	0.20700680000000204
90.0	86	0.10299320000000023
90.1029932	85	0.10401360000000182
90.2070068	59	0.20698412999999505
90.2070068	54	0.20698412999999505
90.2070068	86	0.10299320000000023
90.31	85	0.10399092999999482
90.41399093	59	0.20700680000000204
90.41399093	54	0.20700680000000204
90.41399093	86	0.10301587000000723
90.5170068	85	0.10399092999999482
90.62099773	47	0.20700680999999577
90.62099773	86	0.10299320000000023
90.72399093	85	0.10401360999999554
90.82800454	59	0.20598639000000674
90.82800454	56	0.20598639000000674
90.82800454	83	0.10299319000000651
90.93099773	81	0.10299320000000023
91.03399093	59	0.20700680000000204
91.03399093	56	0.20700680000000204
91.03399093	80	0.10401360999999554
91.13800454	81	0.10299319000000651
91.24099773	59	0.20700680999999577
91.24099773	56	0.20700680999999577
91.24099773	83	0.10399092999999482
91.34498866	80	0.10301588000000095
91.44800454	49	0.20700680000000204
91.44800454	81	0.1039909200000011
91.55199546	83	0.10301588000000095
91.65501134	57	0.20698412000000133
91.65501134	54	0.20698412000000133
91.65501134	85	0.10399092999999482
91.75900227	78	0.10299319000000651
91.86199546	49	0.20700680999999577
91.86199546	77	0.10299320000000023
91.96498866	78	0.10401360999999554
92.06900227	59	0.20700680000000204
92.06900227	56	0.20700680000000204
92.06900227	80	0.10299319000000651
92.17199546	77	0.10401360999999554
92.27600907	57	0.4139909299999971
92.27600907	54	0.4139909299999971
92.27600907	78	0.4139909299999971
92.69	69	0.20700680000000204
92.69	81	0.20700680000000204
92.8970068	71	0.20598640000000046
92.8970068	83	0.20598640000000046
93.1029932	57	0.20700680000000204
93.1029932	73	0.4140136000000041
93.1029932	85	0.4140136000000041
93.31	57	0.20700680000000204
93.5170068	57	0.20698412999999505
93.5170068	69	0.20698412999999505
93.5170068	81	0.20698412999999505
93.72399093	57	0.20700680000000204
93.72399093	71	0.20700680000000204
93.72399093	83	0.20700680000000204
93.93099773	57	0.20700680999999577
93.93099773	73	0.20700680999999577
93.93099773	85	0.20700680999999577
94.13800454	57	0.20698412000000133
94.13800454	71	0.20698412000000133
94.13800454	83	0.20698412000000133
94.34498866	57	0.20700680000000204
94.34498866	69	0.20700680000000204
94.34498866	81	0.20700680000000204
94.55199546	57	0.20700680999999577
94.55199546	68	0.20700680999999577
94.55199546	80	0.20700680999999577
94.75900227	50	0.20598639000000674
94.75900227	78	0.20598639000000674
94.75900227	66	0.20598639000000674
94.96498866	50	0.20700680000000204
94.96498866	80	0.20700680000000204
94.96498866	68	0.20700680000000204
95.17199546	51	0.20700680999999577
95.17199546	81	0.20700680999999577
95.17199546	69	0.20700680999999577
95.37900227	51	0.20700680000000204
95.37900227	83	0.20700680000000204
95.37900227	71	0.20700680000000204
95.58600907	52	0.20698412999999505
95.58600907	80	0.20698412999999505
95.58600907	68	0.20698412999999505
95.7929932	52	0.20700680000000204
95.7929932	76	0.20700680000000204
95.7929932	64	0.20700680000000204
96.0	52	0.20700680000000204
96.0	81	0.20700680000000204
96.0	69	0.20700680000000204
96.2070068	52	0.20698412999999505
96.2070068	83	0.20698412999999505
96.2070068	71	0.20698412999999505
96.41399093	57	0.20700680000000204
96.41399093	73	0.4140136099999978
96.41399093	85	0.4140136099999978
96.62099773	57	0.20700680999999577
96.82800454	57	0.20598639000000674
96.82800454	81	0.20598639000000674
96.82800454	69	0.20598639000000674
97.03399093	57	0.20700680000000204
97.03399093	83	0.20700680000000204
97.03399093	71	0.20700680000000204
97.24099773	57	0.20700680999999577
97.24099773	73	0.20700680999999577
97.24099773	85	0.20700680999999577
97.44800454	57	0.20700680000000204
97.44800454	71	0.20700680000000204
97.44800454	83	0.20700680000000204
97.65501134	57	0.20698412000000133
97.65501134	69	0.20698412000000133
97.65501134	81	0.20698412000000133
97.86199546	57	0.20700680999999577
97.86199546	68	0.20700680999999577
97.86199546	80	0.20700680999999577
98.06900227	50	0.20700680000000204
98.06900227	78	0.20700680000000204
98.06900227	66	0.20700680000000204
98.27600907	50	0.20698412999999505
98.27600907	83	0.20698412999999505
98.27600907	71	0.20698412999999505
98.4829932	52	0.20700680000000204
98.4829932	80	0.20700680000000204
98.4829932	68	0.20700680000000204
98.69	52	0.20700680000000204
98.69	76	0.20700680000000204
98.69	64	0.20700680000000204
98.8970068	45	0.4129932000000025
98.8970068	69	0.4129932000000025
98.8970068	81	0.4129932000000025
99.5170068	83	0.20698412999999505
99.5170068	71	0.20698412999999505
99.72399093	57	0.20700680000000204
99.72399093	73	0.4140135699999945
99.72399093	85	0.4140135699999945
99.93099773	57	0.20700676999999246
100.1380045	57	0.20698420000000795
100.1380045	69	0.20698420000000795
100.1380045	81	0.20698420000000795
100.3449887	57	0.20700680000000204
100.3449887	71	0.20700680000000204
100.3449887	83	0.20700680000000204
100.5519955	57	0.20700680000000204
100.5519955	73	0.20700680000000204
100.5519955	85	0.20700680000000204
100.7590023	57	0.20598640000000046
100.7590023	71	0.20598640000000046
100.7590023	83	0.20598640000000046
100.9649887	57	0.20700679999998783
100.9649887	69	0.20700679999998783
100.9649887	81	0.20700679999998783
101.1719955	57	0.20700680000000204
101.1719955	68	0.20700680000000204
101.1719955	80	0.20700680000000204
101.3790023	50	0.20700680000000204
101.3790023	78	0.20700680000000204
101.3790023	66	0.20700680000000204
101.5860091	50	0.20698409999999967
101.5860091	80	0.20698409999999967
101.5860091	68	0.20698409999999967
101.7929932	51	0.20700680000000204
101.7929932	81	0.20700680000000204
101.7929932	69	0.20700680000000204
102.0	51	0.20700680000000204
102.0	83	0.20700680000000204
102.0	71	0.20700680000000204
102.2070068	52	0.20698409999999967
102.2070068	80	0.20698409999999967
102.2070068	68	0.20698409999999967
102.4139909	52	0.20700680000000204
102.4139909	76	0.20700680000000204
102.4139909	64	0.20700680000000204
102.6209977	52	0.20700680000000204
102.6209977	81	0.20700680000000204
102.6209977	69	0.20700680000000204
102.8280045	52	0.20598640000000046
102.8280045	83	0.20598640000000046
102.8280045	71	0.20598640000000046
103.0339909	57	0.20700679999998783
103.0339909	73	0.4140135999999899
103.0339909	85	0.4140135999999899
103.2409977	57	0.20700680000000204
103.4480045	57	0.20700680000000204
103.4480045	81	0.20700680000000204
103.4480045	69	0.20700680000000204
103.6550113	57	0.20698420000000795
103.6550113	83	0.20698420000000795
103.6550113	71	0.20698420000000795
103.8619955	57	0.20700679999998783
103.8619955	73	0.20700679999998783
103.8619955	85	0.20700679999998783
104.0690023	57	0.20700680000000204
104.0690023	71	0.20700680000000204
104.0690023	83	0.20700680000000204
104.2760091	57	0.20698409999999967
104.2760091	69	0.20698409999999967
104.2760091	81	0.20698409999999967
104.4829932	57	0.20700680000000204
104.4829932	68	0.20700680000000204
104.4829932	80	0.20700680000000204
104.69	50	0.20700680000000204
104.69	78	0.20700680000000204
104.69	66	0.20700680000000204
104.8970068	50	0.20598640000000046
104.8970068	83	0.20598640000000046
104.8970068	71	0.20598640000000046
105.1029932	52	0.20700680000000204
105.1029932	80	0.20700680000000204
105.1029932	68	0.20700680000000204
105.31	52	0.20700680000000204
105.31	76	0.20700680000000204
105.31	64	0.20700680000000204
105.5170068	45	0.4139909000000017
105.5170068	69	0.4139909000000017
105.5170068	81	0.4139909000000017
105.9309977	71	0.10299320000000023
106.0339909	69	0.1040135999999876
106.1380045	68	0.10299320000000023
106.2409977	69	0.10399100000000772
106.3449887	72	0.20700680000000204
106.3449887	57	0.20700680000000204
106.5519955	64	0.20700680000000204
106.5519955	60	0.20700680000000204
106.7590023	74	0.10299320000000023
106.7590023	64	0.20598640000000046
106.7590023	60	0.20598640000000046
106.8619955	72	0.10299320000000023
106.9649887	71	0.1040135999999876
106.9649887	64	0.20700679999998783
106.9649887	60	0.20700679999998783
107.0690023	72	0.10299320000000023
107.1719955	76	0.20700680000000204
107.1719955	57	0.20700680000000204
107.3790023	64	0.20700680000000204
107.3790023	60	0.20700680000000204
107.5860091	77	0.10399089999999944
107.5860091	64	0.20698409999999967
107.5860091	60	0.20698409999999967
107.69	76	0.10299320000000023
107.7929932	75	0.10401360000000182
107.7929932	64	0.20700680000000204
107.7929932	60	0.20700680000000204
107.8970068	76	0.10299320000000023
108.0	83	0.10299320000000023
108.0	57	0.20700680000000204
108.1029932	81	0.10401360000000182
108.2070068	80	0.10299320000000023
108.2070068	64	0.20698409999999967
108.2070068	60	0.20698409999999967
108.31	81	0.10399089999999944
108.4139909	83	0.1030159000000026
108.4139909	57	0.20700680000000204
108.5170068	81	0.10399089999999944
108.6209977	80	0.10299320000000023
108.6209977	64	0.20700680000000204
108.6209977	60	0.20700680000000204
108.7239909	81	0.10401360000000182
108.8280045	84	0.4129931999999883
108.8280045	57	0.20598640000000046
109.0339909	64	0.20700679999998783
109.0339909	60	0.20700679999998783
109.2409977	81	0.20700680000000204
109.2409977	64	0.20700680000000204
109.2409977	60	0.20700680000000204
109.4480045	84	0.20700680000000204
109.4480045	64	0.20700680000000204
109.4480045	60	0.20700680000000204
109.6550113	79	0.05199550000000386
109.6550113	52	0.20698420000000795
109.7070068	81	0.05199550000000386
109.7590023	83	0.10299320000000023
109.8619955	78	0.20700679999998783
109.8619955	81	0.20700679999998783
109.8619955	64	0.20700679999998783
109.8619955	59	0.20700679999998783
110.0690023	79	0.20700680000000204
110.0690023	76	0.20700680000000204
110.0690023	64	0.20700680000000204
110.0690023	59	0.20700680000000204
110.2760091	81	0.20698409999999967
110.2760091	78	0.20698409999999967
110.2760091	64	0.20698409999999967
110.2760091	59	0.20698409999999967
110.4829932	79	0.05099770000001058
110.4829932	52	0.20700680000000204
110.5339909	81	0.05201819999999202
110.5860091	83	0.10399089999999944
110.69	78	0.20700680000000204
110.69	81	0.20700680000000204
110.69	64	0.20700680000000204
110.69	59	0.20700680000000204
110.8970068	79	0.20598640000000046
110.8970068	76	0.20598640000000046
110.8970068	64	0.20598640000000046
110.8970068	59	0.20598640000000046
111.1029932	78	0.20700680000000204
111.1029932	81	0.20700680000000204
111.1029932	64	0.20700680000000204
111.1029932	59	0.20700680000000204
111.31	79	0.05199550000000386
111.31	52	0.20700680000000204
111.3619955	81	0.051995399999995584
111.4139909	83	0.1030159000000026
111.5170068	78	0.20698409999999967
111.5170068	81	0.20698409999999967
111.5170068	64	0.20698409999999967
111.5170068	59	0.20698409999999967
111.7239909	79	0.20700680000000204
111.7239909	76	0.20700680000000204
111.7239909	47	0.20700680000000204
111.9309977	78	0.20700679999998783
111.9309977	75	0.20700679999998783
111.9309977	59	0.20700679999998783
112.1380045	76	0.41399100000001
112.1380045	52	0.41399100000001
112.5519955	71	0.10301579999999433
112.6550113	69	0.10399100000000772
112.7590023	68	0.10299320000000023
112.8619955	69	0.10299320000000023
112.9649887	57	0.20700679999998783
112.9649887	72	0.20700679999998783
113.1719955	64	0.20700680000000204
113.1719955	60	0.20700680000000204
113.3790023	64	0.20700680000000204
113.3790023	60	0.20700680000000204
113.3790023	74	0.10399089999999944
113.4829932	72	0.1030159000000026
113.5860091	64	0.20698409999999967
113.5860091	60	0.20698409999999967
113.5860091	71	0.10399089999999944
113.69	72	0.10299320000000023
113.7929932	57	0.20700680000000204
113.7929932	76	0.20700680000000204
114.0	64	0.20700680000000204
114.0	60	0.20700680000000204
114.2070068	64	0.20698409999999967
114.2070068	60	0.20698409999999967
114.2070068	77	0.10299320000000023
114.31	76	0.10399089999999944
114.4139909	64	0.20700680000000204
114.4139909	60	0.20700680000000204
114.4139909	75	0.1030159000000026
114.5170068	76	0.10399089999999944
114.6209977	57	0.20700680000000204
114.6209977	83	0.10299320000000023
114.7239909	81	0.10401360000000182
114.8280045	64	0.20598640000000046
114.8280045	60	0.20598640000000046
114.8280045	80	0.10299320000000023
114.9309977	81	0.10299320000000023
115.0339909	57	0.20700679999998783
115.0339909	83	0.1040135999999876
115.1380045	81	0.10299320000000023
115.2409977	64	0.20700680000000204
115.2409977	60	0.20700680000000204
115.2409977	80	0.10399100000000772
115.3449887	81	0.10301579999999433
115.4480045	57	0.20700680000000204
115.4480045	84	0.41399100000001
115.6550113	64	0.20698420000000795
115.6550113	60	0.20698420000000795
115.8619955	64	0.20700679999998783
115.8619955	60	0.20700679999998783
115.8619955	81	0.20700679999998783
116.0690023	64	0.20700680000000204
116.0690023	60	0.20700680000000204
116.0690023	84	0.20700680000000204
116.2760091	52	0.20698409999999967
116.2760091	79	0.051995400000009795
116.3280045	81	0.050997799999990434
116.3790023	83	0.10399089999999944
116.4829932	64	0.20700680000000204
116.4829932	59	0.20700680000000204
116.4829932	78	0.20700680000000204
116.4829932	81	0.20700680000000204
116.69	64	0.20700680000000204
116.69	59	0.20700680000000204
116.69	79	0.20700680000000204
116.69	76	0.20700680000000204
116.8970068	64	0.20598640000000046
116.8970068	59	0.20598640000000046
116.8970068	81	0.20598640000000046
116.8970068	78	0.20598640000000046
117.1029932	52	0.20700680000000204
117.1029932	79	0.05201809999999796
117.1550113	81	0.05199550000000386
117.2070068	83	0.10299320000000023
117.31	64	0.20700680000000204
117.31	59	0.20700680000000204
117.31	78	0.20700680000000204
117.31	81	0.20700680000000204
117.5170068	64	0.20698409999999967
117.5170068	59	0.20698409999999967
117.5170068	79	0.20698409999999967
117.5170068	76	0.20698409999999967
117.7239909	64	0.20700680000000204
117.7239909	59	0.20700680000000204
117.7239909	78	0.20700680000000204
117.7239909	81	0.20700680000000204
117.9309977	52	0.20700679999998783
117.9309977	79	0.05199549999998965
117.9829932	81	0.05099770000001058
118.0339909	83	0.1040135999999876
118.1380045	64	0.20698420000000795
118.1380045	59	0.20698420000000795
118.1380045	78	0.20698420000000795
118.1380045	81	0.20698420000000795
118.3449887	47	0.20700680000000204
118.3449887	79	0.20700680000000204
118.3449887	76	0.20700680000000204
118.5519955	59	0.20700680000000204
118.5519955	78	0.20700680000000204
118.5519955	75	0.20700680000000204
118.7590023	52	0.4129931999999883
118.7590023	76	0.4129931999999883
119.1719955	72	0.20700680000000204
119.3790023	74	0.20700680000000204
119.3790023	77	0.20700680000000204
119.5860091	48	0.20698409999999967
119.5860091	79	0.20698409999999967
119.5860091	76	0.20698409999999967
119.7929932	60	0.20700680000000204
119.7929932	79	0.20700680000000204
119.7929932	76	0.20700680000000204
120.0	52	0.20700680000000204
120.0	81	0.10299320000000023
120.1029932	79	0.10401360000000182
120.2070068	64	0.20698409999999967
120.2070068	77	0.10299320000000023
120.31	76	0.10399089999999944
120.4139909	55	0.4140136000000041
120.4139909	71	0.20700680000000204
120.4139909	74	0.4140136000000041
120.6209977	67	0.20700680000000204
120.8280045	76	0.20598640000000046
120.8280045	72	0.20598640000000046
121.0339909	77	0.20700679999998783
121.0339909	74	0.20700679999998783
121.2409977	48	0.20700680000000204
121.2409977	79	0.20700680000000204
121.2409977	76	0.20700680000000204
121.4480045	60	0.20700680000000204
121.4480045	79	0.20700680000000204
121.4480045	76	0.20700680000000204
121.6550113	52	0.20698420000000795
121.6550113	81	0.10399100000000772
121.7590023	79	0.10299320000000023
121.8619955	64	0.20700679999998783
121.8619955	77	0.10299320000000023
121.9649887	76	0.1040135999999876
122.0690023	55	0.4139909000000017
122.0690023	71	0.4139909000000017
122.0690023	74	0.4139909000000017
122.4829932	69	0.20700680000000204
122.4829932	72	0.20700680000000204
122.69	71	0.20700680000000204
122.69	74	0.20700680000000204
122.8970068	45	0.20598640000000046
122.8970068	72	0.20598640000000046
122.8970068	76	0.20598640000000046
123.1029932	57	0.20700680000000204
123.1029932	72	0.20700680000000204
123.1029932	76	0.20700680000000204
123.31	48	0.20700680000000204
123.31	77	0.10399089999999944
123.4139909	76	0.1030159000000026
123.5170068	60	0.20698409999999967
123.5170068	74	0.10399089999999944
123.6209977	72	0.10299320000000023
123.7239909	52	0.4140135999999899
123.7239909	68	0.20700680000000204
123.7239909	71	0.4140135999999899
123.9309977	64	0.20700679999998783
124.1380045	72	0.20698420000000795
124.1380045	69	0.20698420000000795
124.3449887	74	0.20700680000000204
124.3449887	71	0.20700680000000204
124.5519955	45	0.20700680000000204
124.5519955	72	0.20700680000000204
124.5519955	76	0.20700680000000204
124.7590023	57	0.20598640000000046
124.7590023	72	0.20598640000000046
124.7590023	76	0.20598640000000046
124.9649887	48	0.20700679999998783
124.9649887	77	0.1040135999999876
125.0690023	76	0.10299320000000023
125.1719955	60	0.20700680000000204
125.1719955	74	0.10401360000000182
125.2760091	72	0.10299320000000023
125.3790023	52	0.4139909000000017
125.3790023	68	0.4139909000000017
125.3790023	71	0.4139909000000017
125.8970068	69	0.10299320000000023
126.0	68	0.10299320000000023
126.1029932	69	0.10401360000000182
126.2070068	72	0.20698409999999967
126.2070068	57	0.20698409999999967
126.4139909	64	0.20700680000000204
126.4139909	60	0.20700680000000204
126.6209977	74	0.10299320000000023
126.6209977	64	0.20700680000000204
126.6209977	60	0.20700680000000204
126.7239909	72	0.10401360000000182
126.8280045	71	0.10299320000000023
126.8280045	64	0.20598640000000046
126.8280045	60	0.20598640000000046
126.9309977	72	0.10299320000000023
127.0339909	76	0.20700679999998783
127.0339909	57	0.20700679999998783
127.2409977	64	0.20700680000000204
127.2409977	60	0.20700680000000204
127.4480045	77	0.10399100000000772
127.4480045	64	0.20700680000000204
127.4480045	60	0.20700680000000204
127.5519955	76	0.10301579999999433
127.6550113	75	0.10399100000000772
127.6550113	64	0.20698420000000795
127.6550113	60	0.20698420000000795
127.7590023	76	0.10299320000000023
127.8619955	83	0.10299320000000023
127.8619955	57	0.20700679999998783
127.9649887	81	0.1040135999999876
128.0690023	80	0.10299320000001444
128.0690023	64	0.20700680000001626
128.0690023	60	0.20700680000001626
128.1719955	81	0.10401360000000182
128.2760091	83	0.10299319999998602
128.2760091	57	0.20698409999999967
128.3790023	81	0.10399090000001365
128.4829932	80	0.1030159000000026
128.4829932	64	0.20700679999998783
128.4829932	60	0.20700679999998783
128.5860091	81	0.10399089999998523
128.69	84	0.4129931999999883
128.69	53	0.20700680000001626
128.8970068	63	0.20598639999997204
128.8970068	57	0.20598639999997204
129.1029932	81	0.20700680000001626
129.1029932	63	0.20700680000001626
129.1029932	57	0.20700680000001626
129.31	83	0.20700679999998783
129.31	63	0.20700679999998783
129.31	57	0.20700679999998783
129.5170068	84	0.20698409999999967
129.5170068	52	0.20698409999999967
129.7239909	83	0.20700680000001626
129.7239909	64	0.20700680000001626
129.7239909	57	0.20700680000001626
129.9309977	81	0.20700679999998783
129.9309977	50	0.20700679999998783
130.1380045	80	0.20698419999999373
130.1380045	59	0.20698419999999373
130.1380045	53	0.20698419999999373
130.3449887	81	0.20700680000001626
130.3449887	48	0.20700680000001626
130.5519955	76	0.20700679999998783
130.5519955	57	0.20700679999998783
130.5519955	52	0.20700679999998783
130.7590023	77	0.20598640000000046
130.7590023	50	0.20598640000000046
130.9649887	74	0.20700680000001626
130.9649887	59	0.20700680000001626
130.9649887	53	0.20700680000001626
131.1719955	72	0.4140136000000041
131.1719955	52	0.20700679999998783
131.1719955	57	0.20700679999998783
131.3790023	52	0.20700680000001626
131.3790023	57	0.20700680000001626
131.5860091	72	0.05199539999998137
131.5860091	52	0.20698409999999967
131.5860091	56	0.20698409999999967
131.6380045	71	0.05199550000000386
131.69	72	0.05099770000001058
131.7409977	71	0.05199550000000386
131.7929932	72	0.051995499999975436
131.7929932	52	0.20700679999998783
131.7929932	56	0.20700679999998783
131.8449887	71	0.05201810000002638
131.8970068	69	0.05099769999998216
131.9480045	71	0.05199550000000386
132.0	69	0.4139908999999875
132.0	45	0.4139908999999875
132.0	57	0.4139908999999875
132.4139909	72	0.20700680000001626
132.4139909	76	0.20700680000001626
132.6209977	74	0.20700679999998783
132.6209977	77	0.20700679999998783
132.8280045	48	0.20598640000000046
132.8280045	79	0.20598640000000046
132.8280045	76	0.20598640000000046
133.0339909	60	0.20700680000001626
133.0339909	79	0.20700680000001626
133.0339909	76	0.20700680000001626
133.2409977	52	0.20700679999998783
133.2409977	81	0.1039909999999793
133.3449887	79	0.10301580000000854
133.4480045	64	0.20700680000001626
133.4480045	77	0.10399100000000772
133.5519955	76	0.10301580000000854
133.6550113	55	0.41399099999998157
133.6550113	71	0.20698419999999373
133.6550113	74	0.41399099999998157
133.8619955	67	0.20700679999998783
134.0690023	76	0.20700680000001626
134.0690023	72	0.20700680000001626
134.2760091	77	0.20698409999999967
134.2760091	74	0.20698409999999967
134.4829932	48	0.20700679999998783
134.4829932	79	0.20700679999998783
134.4829932	76	0.20700679999998783
134.69	60	0.20700680000001626
134.69	79	0.20700680000001626
134.69	76	0.20700680000001626
134.8970068	52	0.20598639999997204
134.8970068	81	0.10299319999998602
135.0	79	0.10299319999998602
135.1029932	64	0.20700680000001626
135.1029932	77	0.10401360000000182
135.2070068	76	0.10299320000001444
135.31	55	0.4139908999999875
135.31	71	0.4139908999999875
135.31	74	0.4139908999999875
135.7239909	69	0.20700680000001626
135.7239909	72	0.20700680000001626
135.9309977	71	0.20700679999998783
135.9309977	74	0.20700679999998783
136.1380045	45	0.20698419999999373
136.1380045	72	0.20698419999999373
136.1380045	76	0.20698419999999373
136.3449887	57	0.20700680000001626
136.3449887	72	0.20700680000001626
136.3449887	76	0.20700680000001626
136.5519955	48	0.20700679999998783
136.5519955	77	0.10301580000000854
136.6550113	76	0.1039909999999793
136.7590023	60	0.20598640000000046
136.7590023	74	0.10299320000001444
136.8619955	72	0.10299319999998602
136.9649887	52	0.4140136000000041
136.9649887	68	0.20700680000001626
136.9649887	71	0.4140136000000041
137.1719955	64	0.20700679999998783
137.3790023	72	0.20700680000001626
137.3790023	69	0.20700680000001626
137.5860091	74	0.20698409999999967
137.5860091	71	0.20698409999999967
137.7929932	45	0.20700679999998783
137.7929932	72	0.20700679999998783
137.7929932	76	0.20700679999998783
138.0	57	0.20700679999998783
138.0	72	0.20700679999998783
138.0	76	0.20700679999998783
138.2070068	48	0.20698409999999967
138.2070068	77	0.10299320000001444
138.31	76	0.10399089999998523
138.4139909	60	0.20700680000001626
138.4139909	74	0.1030159000000026
138.5170068	72	0.10399090000001365
138.6209977	52	0.4129931999999883
138.6209977	68	0.4129931999999883
138.6209977	71	0.4129931999999883
139.0339909	71	0.10401360000000182
139.1380045	69	0.10299320000001444
139.2409977	68	0.1039909999999793
139.3449887	69	0.10301580000000854
139.4480045	57	0.20700680000001626
139.4480045	72	0.20700680000001626
139.6550113	64	0.20698419999999373
139.6550113	60	0.20698419999999373
139.8619955	64	0.20700679999998783
139.8619955	60	0.20700679999998783
139.8619955	74	0.10299319999998602
139.9649887	72	0.10401360000000182
140.0690023	64	0.20700680000001626
140.0690023	60	0.20700680000001626
140.0690023	71	0.10299320000001444
140.1719955	72	0.10401360000000182
140.2760091	57	0.20698409999999967
140.2760091	76	0.20698409999999967
140.4829932	64	0.20700679999998783
140.4829932	60	0.20700679999998783
140.69	64	0.20700680000001626
140.69	60	0.20700680000001626
140.69	77	0.10299320000001444
140.7929932	76	0.10401360000000182
140.8970068	64	0.20598639999997204
140.8970068	60	0.20598639999997204
140.8970068	75	0.10299319999998602
141.0	76	0.10299319999998602
141.1029932	57	0.20700680000001626
141.1029932	83	0.10401360000000182
141.2070068	81	0.10299320000001444
141.31	64	0.20700679999998783
141.31	60	0.20700679999998783
141.31	80	0.10399089999998523
141.4139909	81	0.1030159000000026
141.5170068	57	0.20698409999999967
141.5170068	83	0.10399090000001365
141.6209977	81	0.10299319999998602
141.7239909	64	0.20700680000001626
141.7239909	60	0.20700680000001626
141.7239909	80	0.10401360000000182
141.8280045	81	0.10299320000001444
141.9309977	53	0.20700679999998783
141.9309977	84	0.41399099999998157
142.1380045	63	0.20698419999999373
142.1380045	57	0.20698419999999373
142.3449887	63	0.20700680000001626
142.3449887	57	0.20700680000001626
142.3449887	81	0.20700680000001626
142.5519955	63	0.20700679999998783
142.5519955	57	0.20700679999998783
142.5519955	83	0.20700679999998783
142.7590023	52	0.20598640000000046
142.7590023	84	0.20598640000000046
142.9649887	64	0.20700680000001626
142.9649887	57	0.20700680000001626
142.9649887	83	0.20700680000001626
143.1719955	50	0.20700679999998783
143.1719955	81	0.20700679999998783
143.3790023	59	0.20700680000001626
143.3790023	53	0.20700680000001626
143.3790023	80	0.20700680000001626
143.5860091	48	0.20698409999999967
143.5860091	81	0.20698409999999967
143.7929932	57	0.20700679999998783
143.7929932	52	0.20700679999998783
143.7929932	76	0.20700679999998783
144.0	50	0.20700679999998783
144.0	77	0.20700679999998783
144.2070068	59	0.20698409999999967
144.2070068	53	0.20698409999999967
144.2070068	74	0.20698409999999967
144.4139909	52	0.20700680000001626
144.4139909	57	0.20700680000001626
144.4139909	72	0.4140136000000041
144.6209977	52	0.20700679999998783
144.6209977	57	0.20700679999998783
144.8280045	52	0.20598640000000046
144.8280045	56	0.20598640000000046
144.8280045	72	0.050997800000004645
144.8790023	71	0.051995400000009795
144.9309977	72	0.05199550000000386
144.9829932	71	0.05099769999998216
145.0339909	52	0.20700680000001626
145.0339909	56	0.20700680000001626
145.0339909	72	0.05201820000002044
145.0860091	71	0.05199539999998137
145.1380045	69	0.05199550000000386
145.19	71	0.05099770000001058
145.2409977	45	0.4140136000000041
145.2409977	57	0.4140136000000041
145.2409977	69	0.4140136000000041
145.6550113	69	0.1039909999999793
145.7590023	81	0.10299320000001444
145.8619955	71	0.10299319999998602
145.9649887	83	0.10401360000000182
146.0690023	57	0.20700680000001626
146.0690023	73	0.10299320000001444
146.1719955	85	0.10401360000000182
146.2760091	57	0.20698409999999967
146.4829932	57	0.20700679999998783
146.4829932	69	0.1030159000000026
146.5860091	81	0.10399089999998523
146.69	57	0.20700680000001626
146.69	71	0.10299320000001444
146.7929932	83	0.10401360000000182
146.8970068	57	0.20598639999997204
146.8970068	73	0.10299319999998602
147.0	85	0.10299319999998602
147.1029932	57	0.20700680000001626
147.1029932	71	0.10401360000000182
147.2070068	83	0.10299320000001444
147.31	57	0.20700679999998783
147.31	69	0.10399089999998523
147.4139909	81	0.1030159000000026
147.5170068	57	0.20698409999999967
147.5170068	68	0.10399090000001365
147.6209977	80	0.10299319999998602
147.7239909	50	0.20700680000001626
147.7239909	66	0.10401360000000182
147.8280045	78	0.10299320000001444
147.9309977	50	0.20700679999998783
147.9309977	68	0.10299319999998602
148.0339909	80	0.10401360000000182
148.1380045	51	0.20698419999999373
148.1380045	69	0.10299320000001444
148.2409977	81	0.1039909999999793
148.3449887	51	0.20700680000001626
148.3449887	71	0.10301580000000854
148.4480045	83	0.10399100000000772
148.5519955	52	0.20700679999998783
148.5519955	68	0.10301580000000854
148.6550113	80	0.1039909999999793
148.7590023	52	0.20598640000000046
148.7590023	64	0.10299320000001444
148.8619955	76	0.10299319999998602
148.9649887	52	0.20700680000001626
148.9649887	69	0.10401360000000182
149.0690023	81	0.10299320000001444
149.1719955	52	0.20700679999998783
149.1719955	71	0.10401360000000182
149.2760091	83	0.10299319999998602
149.3790023	57	0.20700680000001626
149.3790023	73	0.10399090000001365
149.4829932	85	0.1030159000000026
149.5860091	57	0.20698409999999967
149.7929932	57	0.20700679999998783
149.7929932	69	0.10401360000000182
149.8970068	81	0.10299319999998602
150.0	57	0.20700679999998783
150.0	71	0.10299319999998602
150.1029932	83	0.10401360000000182
150.2070068	57	0.20698409999999967
150.2070068	73	0.10299320000001444
150.31	85	0.10399089999998523
150.4139909	57	0.20700680000001626
150.4139909	71	0.1030159000000026
150.5170068	83	0.10399090000001365
150.6209977	57	0.20700679999998783
150.6209977	69	0.10299319999998602
150.7239909	81	0.10401360000000182
150.8280045	57	0.20598640000000046
150.8280045	68	0.10299320000001444
150.9309977	80	0.10299319999998602
151.0339909	50	0.20700680000001626
151.0339909	66	0.10401360000000182
151.1380045	78	0.10299320000001444
151.2409977	50	0.20700679999998783
151.2409977	71	0.1039909999999793
151.3449887	83	0.10301580000000854
151.4480045	52	0.20700680000001626
151.4480045	68	0.10399100000000772
151.5519955	80	0.10301580000000854
151.6550113	52	0.20698419999999373
151.6550113	64	0.1039909999999793
151.7590023	76	0.10299320000001444
151.8619955	45	0.4140136000000041
151.8619955	81	0.4140136000000041
151.8619955	69	0.4140136000000041
152.2760091	69	0.10299319999998602
152.3790023	81	0.10399090000001365
152.4829932	71	0.1030159000000026
152.5860091	83	0.10399089999998523
152.69	57	0.20700680000001626
152.69	73	0.10299320000001444
152.7929932	85	0.10401360000000182
152.8970068	57	0.20598639999997204
153.1029932	57	0.20700680000001626
153.1029932	69	0.10401360000000182
153.2070068	81	0.10299320000001444
153.31	57	0.20700679999998783
153.31	71	0.10399089999998523
153.4139909	83	0.1030159000000026
153.5170068	57	0.20698409999999967
153.5170068	73	0.10399090000001365
153.6209977	85	0.10299319999998602
153.7239909	57	0.20700680000001626
153.7239909	71	0.10401360000000182
153.8280045	83	0.10299320000001444
153.9309977	57	0.20700679999998783
153.9309977	69	0.10299319999998602
154.0339909	81	0.10401360000000182
154.1380045	57	0.20698419999999373
154.1380045	68	0.10299320000001444
154.2409977	80	0.1039909999999793
154.3449887	50	0.20700680000001626
154.3449887	66	0.10301580000000854
154.4480045	78	0.10399100000000772
154.5519955	50	0.20700679999998783
154.5519955	68	0.10301580000000854
154.6550113	80	0.1039909999999793
154.7590023	51	0.20598640000000046
154.7590023	69	0.10299320000001444
154.8619955	81	0.10299319999998602
154.9649887	51	0.20700680000001626
154.9649887	71	0.10401360000000182
155.0690023	83	0.10299320000001444
155.1719955	52	0.20700679999998783
155.1719955	68	0.10401360000000182
155.2760091	80	0.10299319999998602
155.3790023	52	0.20700680000001626
155.3790023	64	0.10399090000001365
155.4829932	76	0.1030159000000026
155.5860091	52	0.20698409999999967
155.5860091	69	0.10399089999998523
155.69	81	0.10299320000001444
155.7929932	52	0.20700679999998783
155.7929932	71	0.10401360000000182
155.8970068	83	0.10299319999998602
156.0	57	0.20700679999998783
156.0	73	0.10299319999998602
156.1029932	85	0.10401360000000182
156.2070068	57	0.20698409999999967
156.4139909	57	0.20700680000001626
156.4139909	69	0.1030159000000026
156.5170068	81	0.10399090000001365
156.6209977	57	0.20700679999998783
156.6209977	71	0.10299319999998602
156.7239909	83	0.10401360000000182
156.8280045	57	0.20598640000000046
156.8280045	73	0.10299320000001444
156.9309977	85	0.10299319999998602
157.0339909	57	0.20700680000001626
157.0339909	71	0.10401360000000182
157.1380045	83	0.10299320000001444
157.2409977	57	0.20700679999998783
157.2409977	69	0.1039909999999793
157.3449887	81	0.10301580000000854
157.4480045	57	0.20700680000001626
157.4480045	68	0.10399100000000772
157.5519955	80	0.10301580000000854
157.6550113	50	0.20698419999999373
157.6550113	66	0.1039909999999793
157.7590023	78	0.10299320000001444
157.8619955	50	0.20700679999998783
157.8619955	71	0.10299319999998602
157.9649887	83	0.10401360000000182
158.0690023	52	0.20700680000001626
158.0690023	68	0.10299320000001444
158.1719955	80	0.10401360000000182
158.2760091	52	0.20698409999999967
158.2760091	64	0.10299319999998602
158.3790023	76	0.10399090000001365
158.4829932	57	0.20700679999998783
158.4829932	81	0.4140136000000041
158.4829932	69	0.4140136000000041
158.69	57	0.20700680000001626
158.8970068	57	0.20598639999997204
158.8970068	85	0.30999999999997385
158.8970068	73	0.4129931999999883
159.1029932	57	0.20700680000001626
159.2070068	85	0.10299320000001444
159.31	57	0.20700679999998783
159.31	73	0.4139908999999875
159.3449887	76	0.3790022000000022
159.3790023	81	0.34498859999999354
159.4139909	85	0.7240136000000064
159.5170068	57	0.20698409999999967
159.7239909	57	0.20700680000001626
159.9309977	57	0.20700679999998783
160.1380045	57	0.20698419999999373
160.1380045	73	0.41399100000001
160.1719955	76	0.37999999999999545
160.2070068	81	0.344988700000016
160.2409977	85	0.7239909999999838
160.3449887	57	0.20700680000001626
160.5519955	57	0.20700679999998783
160.7590023	57	0.20598640000000046
160.9649887	57	0.20700680000001626
160.9649887	86	0.10401360000000182
161.0690023	85	0.10299320000001444
161.1719955	57	0.20700679999998783
161.1719955	83	0.10401360000000182
161.2760091	85	0.10299319999998602
161.3790023	57	0.20700680000001626
161.3790023	86	0.10399090000001365
161.4829932	85	0.1030159000000026
161.5860091	57	0.20698409999999967
161.5860091	83	0.10399089999998523
161.69	85	0.10299320000001444
161.7929932	50	0.20700679999998783
161.7929932	78	0.7760090999999818
161.7929932	81	0.7760090999999818
161.7929932	86	0.7760090999999818
162.0	50	0.20700679999998783
162.2070068	50	0.20698409999999967
162.4139909	50	0.20700680000001626
162.5690023	86	0.051995400000009795
162.6209977	57	0.20700679999998783
162.6209977	85	0.15501140000000646
162.6209977	81	0.15501140000000646
162.6209977	76	0.15501140000000646
162.7760091	86	0.05199539999998137
162.8280045	57	0.20598640000000046
162.8280045	85	0.1549887000000183
162.8280045	81	0.1549887000000183
162.8280045	76	0.1549887000000183
162.9829932	86	0.05099769999998216
163.0339909	57	0.20700680000001626
163.0339909	85	0.15600910000000567
163.0339909	81	0.15600910000000567
163.0339909	76	0.15600910000000567
163.19	86	0.05099770000001058
163.2409977	57	0.20700679999998783
163.2409977	76	0.20700679999998783
163.2409977	81	0.20700679999998783
163.2409977	85	0.20700679999998783
163.4480045	52	0.20700680000001626
163.4480045	83	0.6209977999999978
163.4480045	80	0.8280046000000141
163.4480045	76	0.8280046000000141
163.6550113	52	0.20698419999999373
163.8619955	52	0.20700679999998783
164.0690023	52	0.20700680000001626
164.0690023	88	0.20700680000001626
164.2760091	57	0.20698409999999967
164.2760091	73	0.4139908999999875
164.31	76	0.37999999999999545
164.3449887	81	0.3450113000000101
164.3790023	85	0.7239908999999898
164.4829932	57	0.20700679999998783
164.69	57	0.20700680000001626
164.8970068	57	0.20598639999997204
165.1029932	57	0.20700680000001626
165.1029932	73	0.4140136000000041
165.1380045	76	0.37900229999999624
165.1719955	81	0.3450112999999817
165.2070068	85	0.7239909000000182
165.31	57	0.20700679999998783
165.5170068	57	0.20698409999999967
165.7239909	57	0.20700680000001626
165.9309977	57	0.20700679999998783
165.9309977	86	0.10299319999998602
166.0339909	85	0.10401360000000182
166.1380045	57	0.20698419999999373
166.1380045	83	0.10299320000001444
166.2409977	85	0.1039909999999793
166.3449887	57	0.20700680000001626
166.3449887	86	0.10301580000000854
166.4480045	85	0.10399100000000772
166.5519955	57	0.20700679999998783
166.5519955	83	0.10301580000000854
166.6550113	85	0.1039909999999793
166.7590023	50	0.20598640000000046
166.7590023	78	0.7749886000000004
166.7590023	81	0.7749886000000004
166.7590023	86	0.7749886000000004
166.9649887	50	0.20700680000001626
167.1719955	50	0.20700679999998783
167.3790023	50	0.20700680000001626
167.5339909	86	0.05201820000002044
167.5860091	57	0.20698409999999967
167.5860091	85	0.7759863999999936
167.5860091	81	0.7759863999999936
167.5860091	76	0.7759863999999936
167.7929932	57	0.20700679999998783
168.0	57	0.20700679999998783
168.2070068	57	0.20698409999999967
168.3619955	85	0.05199539999998137
168.4139909	52	0.20700680000001626
168.4139909	76	0.15501140000000646
168.4139909	80	0.15501140000000646
168.4139909	83	0.15501140000000646
168.5690023	85	0.051995400000009795
168.6209977	52	0.20700679999998783
168.6209977	76	0.15501140000000646
168.6209977	80	0.15501140000000646
168.6209977	83	0.15501140000000646
168.7760091	85	0.05199539999998137
168.8280045	52	0.20598640000000046
168.8280045	76	0.1549887000000183
168.8280045	80	0.1549887000000183
168.8280045	83	0.1549887000000183
168.9829932	85	0.05099769999998216
169.0339909	52	0.20700680000001626
169.0339909	76	0.20700680000001626
169.0339909	80	0.20700680000001626
169.0339909	83	0.20700680000001626
169.2409977	57	0.1039909999999793
169.2409977	81	0.4140136000000041
169.3449887	64	0.10301580000000854
169.4480045	61	0.10399100000000772
169.5519955	64	0.10301580000000854
169.6550113	57	0.1039909999999793
169.6550113	76	0.1039909999999793
169.7590023	64	0.10299320000001444
169.7590023	81	0.10299320000001444
169.8619955	61	0.10299319999998602
169.8619955	85	0.10299319999998602
169.9649887	64	0.10401360000000182
169.9649887	85	0.10401360000000182
170.0690023	57	0.10299320000001444
170.0690023	76	0.10299320000001444
170.1719955	64	0.10401360000000182
170.1719955	81	0.10401360000000182
170.2760091	61	0.10299319999998602
170.2760091	85	0.6209977000000038
170.3790023	64	0.10399090000001365
170.4829932	57	0.1030159000000026
170.5860091	64	0.10399089999998523
170.69	61	0.10299320000001444
170.7929932	64	0.10401360000000182
170.8970068	57	0.10299319999998602
170.8970068	76	0.10299319999998602
171.0	64	0.10299319999998602
171.0	81	0.10299319999998602
171.1029932	61	0.10401360000000182
171.1029932	85	0.6209977000000038
171.2070068	64	0.10299320000001444
171.31	57	0.10399089999998523
171.4139909	64	0.1030159000000026
171.5170068	61	0.10399090000001365
171.6209977	64	0.10299319999998602
171.7239909	57	0.10401360000000182
171.7239909	86	0.10401360000000182
171.8280045	64	0.10299320000001444
171.8280045	85	0.10299320000001444
171.9309977	61	0.10299319999998602
171.9309977	83	0.10299319999998602
172.0339909	64	0.10401360000000182
172.0339909	85	0.10401360000000182
172.1380045	57	0.10299320000001444
172.1380045	86	0.10299320000001444
172.2409977	64	0.1039909999999793
172.2409977	85	0.1039909999999793
172.3449887	61	0.10301580000000854
172.3449887	83	0.10301580000000854
172.4480045	64	0.10399100000000772
172.4480045	85	0.10399100000000772
172.5519955	57	0.10301580000000854
172.5519955	86	0.7760089999999877
172.6550113	66	0.1039909999999793
172.7590023	62	0.10299320000001444
172.8619955	66	0.10299319999998602
172.9649887	57	0.10401360000000182
173.0690023	66	0.10299320000001444
173.1719955	62	0.10401360000000182
173.2760091	66	0.10299319999998602
173.3280045	86	0.050997800000004645
173.3790023	57	0.10399090000001365
173.3790023	85	0.1549885999999958
173.4829932	64	0.1030159000000026
173.5339909	86	0.05201820000002044
173.5860091	61	0.10399089999998523
173.5860091	85	0.1549885999999958
173.69	64	0.10299320000001444
173.7409977	86	0.05199550000000386
173.7929932	57	0.10401360000000182
173.7929932	85	0.15501129999998398
173.8970068	64	0.10299319999998602
173.9480045	86	0.05199550000000386
174.0	61	0.10299319999998602
174.0	85	0.20700679999998783
174.1029932	64	0.10401360000000182
174.2070068	52	0.10299320000001444
174.2070068	83	0.6209977000000038
174.31	64	0.10399089999998523
174.4139909	59	0.1030159000000026
174.5170068	64	0.10399090000001365
174.6209977	52	0.10299319999998602
174.7239909	64	0.10401360000000182
174.8280045	59	0.10299320000001444
174.8280045	88	0.20598640000000046
174.9309977	64	0.10299319999998602
175.0339909	57	0.20700680000001626
175.0339909	73	0.4140136000000041
175.0690023	76	0.3790022000000022
175.1029932	81	0.3450113000000101
175.1380045	85	0.7239910000000123
175.2409977	57	0.20700679999998783
175.4480045	57	0.20700680000001626
175.6550113	57	0.20698419999999373
175.8619955	57	0.20700679999998783
175.8619955	73	0.4140136000000041
175.8970068	76	0.37900229999999624
175.9309977	81	0.3450114000000042
175.9649887	85	0.7250113000000056
176.0690023	57	0.20700680000001626
176.2760091	57	0.20698409999999967
176.4829932	57	0.20700679999998783
176.69	57	0.20700680000001626
176.69	86	0.10299320000001444
176.7929932	85	0.10401360000000182
176.8970068	57	0.20598639999997204
176.8970068	83	0.10299319999998602
177.0	85	0.10299319999998602
177.1029932	57	0.20700680000001626
177.1029932	86	0.10401360000000182
177.2070068	85	0.10299320000001444
177.31	57	0.20700679999998783
177.31	83	0.10399089999998523
177.4139909	85	0.1030159000000026
177.5170068	50	0.20698409999999967
177.5170068	78	0.7759864000000221
177.5170068	81	0.7759864000000221
177.5170068	86	0.7759864000000221
177.7239909	50	0.20700680000001626
177.9309977	50	0.20700679999998783
178.1380045	50	0.20698419999999373
178.2929932	86	0.051995499999975436
178.3449887	57	0.20700680000001626
178.3449887	85	0.7760090000000162
178.3449887	81	0.7760090000000162
178.3449887	76	0.7760090000000162
178.5519955	57	0.20700679999998783
178.7590023	57	0.20598640000000046
178.9649887	57	0.20700680000001626
179.1209977	85	0.050997800000004645
179.1719955	52	0.20700679999998783
179.1719955	76	0.1560089999999832
179.1719955	80	0.1560089999999832
179.1719955	83	0.1560089999999832
179.3280045	85	0.050997800000004645
179.3790023	52	0.20700680000001626
179.3790023	76	0.1549885999999958
179.3790023	80	0.1549885999999958
179.3790023	83	0.1549885999999958
179.5339909	85	0.05201820000002044
179.5860091	52	0.20698409999999967
179.5860091	76	0.1549885999999958
179.5860091	80	0.1549885999999958
179.5860091	83	0.1549885999999958
179.7409977	85	0.05199550000000386
179.7929932	52	0.20700679999998783
179.7929932	76	0.20700679999998783
179.7929932	80	0.20700679999998783
179.7929932	83	0.20700679999998783
180.0	57	0.20700679999998783
180.0	81	0.6209977000000038
180.0	76	0.6209977000000038
180.0	73	0.6209977000000038
180.0	69	0.6209977000000038
180.2070068	57	0.20698409999999967
180.4139909	57	0.20700680000001626
180.6209977	57	0.20700679999998783
180.6209977	85	0.20700679999998783
180.6209977	73	0.20700679999998783
180.8280045	57	0.20598640000000046
180.8280045	81	0.6200000000000045
180.8280045	69	0.6200000000000045
181.0339909	57	0.20700680000001626
181.2409977	57	0.20700679999998783
181.4480045	57	0.20700680000001626
181.4480045	88	0.20700680000001626
181.4480045	76	0.20700680000001626
181.6550113	57	0.20698419999999373
181.6550113	81	0.6209977999999978
181.6550113	69	0.6209977999999978
181.8619955	57	0.20700679999998783
182.0690023	57	0.20700680000001626
182.2760091	57	0.20698409999999967
182.2760091	85	0.20698409999999967
182.2760091	73	0.20698409999999967
182.4829932	57	0.20700679999998783
182.4829932	81	0.20700679999998783
182.4829932	69	0.20700679999998783
182.69	57	0.20700680000001626
182.69	85	0.20700680000001626
182.69	73	0.20700680000001626
182.8970068	57	0.20598639999997204
182.8970068	81	0.20598639999997204
182.8970068	69	0.20598639999997204
183.1029932	57	0.20700680000001626
183.1029932	88	0.20700680000001626
183.1029932	76	0.20700680000001626
183.31	45	0.4139908999999875
183.31	81	0.4139908999999875
183.31	69	0.4139908999999875
183.7239909	57	0.4140136000000041
183.7239909	52	0.4140136000000041
183.7239909	49	0.4140136000000041
183.7239909	45	0.4140136000000041
183.7239909	81	0.4140136000000041
183.7239909	76	0.4140136000000041
183.7239909	73	0.4140136000000041
183.7239909	69	0.4140136000000041
184.1380045	57	0.41399100000001
184.1380045	52	0.41399100000001
184.1380045	49	0.41399100000001
184.1380045	45	0.41399100000001
184.1380045	81	0.41399100000001
184.1380045	76	0.41399100000001
184.1380045	73	0.41399100000001
184.1380045	69	0.41399100000001
